%YAML:1.0
---
Matches:
   - [ 0, 1070, 0, 91. ]
   - [ 1, 1327, 0, 109. ]
   - [ 2, 1302, 0, 129. ]
   - [ 3, 809, 0, 129. ]
   - [ 4, 414, 0, 141. ]
   - [ 5, 153, 0, 141. ]
   - [ 6, 1034, 0, 108. ]
   - [ 7, 211, 0, 114. ]
   - [ 8, 3, 0, 30. ]
   - [ 9, 538, 0, 131. ]
   - [ 10, 1, 0, 20. ]
   - [ 11, 7, 0, 79. ]
   - [ 12, 108, 0, 119. ]
   - [ 13, 1077, 0, 115. ]
   - [ 14, 958, 0, 110. ]
   - [ 15, 4, 0, 25. ]
   - [ 16, 161, 0, 116. ]
   - [ 17, 14, 0, 16. ]
   - [ 18, 13, 0, 11. ]
   - [ 19, 5, 0, 32. ]
   - [ 20, 9, 0, 34. ]
   - [ 21, 18, 0, 20. ]
   - [ 22, 865, 0, 114. ]
   - [ 23, 19, 0, 37. ]
   - [ 24, 20, 0, 67. ]
   - [ 25, 21, 0, 12. ]
   - [ 26, 22, 0, 19. ]
   - [ 27, 343, 0, 166. ]
   - [ 28, 23, 0, 26. ]
   - [ 29, 24, 0, 12. ]
   - [ 30, 199, 0, 93. ]
   - [ 31, 27, 0, 41. ]
   - [ 32, 31, 0, 44. ]
   - [ 33, 392, 0, 146. ]
   - [ 34, 29, 0, 142. ]
   - [ 35, 29, 0, 53. ]
   - [ 36, 33, 0, 25. ]
   - [ 37, 34, 0, 47. ]
   - [ 38, 35, 0, 42. ]
   - [ 39, 32, 0, 49. ]
   - [ 40, 41, 0, 37. ]
   - [ 41, 40, 0, 36. ]
   - [ 42, 43, 0, 59. ]
   - [ 43, 44, 0, 42. ]
   - [ 44, 45, 0, 49. ]
   - [ 45, 48, 0, 26. ]
   - [ 46, 505, 0, 96. ]
   - [ 47, 51, 0, 39. ]
   - [ 48, 54, 0, 5. ]
   - [ 49, 38, 0, 39. ]
   - [ 50, 49, 0, 22. ]
   - [ 51, 50, 0, 70. ]
   - [ 52, 53, 0, 70. ]
   - [ 53, 55, 0, 46. ]
   - [ 54, 57, 0, 68. ]
   - [ 55, 1439, 0, 133. ]
   - [ 56, 165, 0, 141. ]
   - [ 57, 52, 0, 36. ]
   - [ 58, 490, 0, 111. ]
   - [ 59, 56, 0, 22. ]
   - [ 60, 54, 0, 73. ]
   - [ 61, 60, 0, 69. ]
   - [ 62, 64, 0, 47. ]
   - [ 63, 130, 0, 87. ]
   - [ 64, 1175, 0, 87. ]
   - [ 65, 977, 0, 114. ]
   - [ 66, 66, 0, 80. ]
   - [ 67, 63, 0, 56. ]
   - [ 68, 65, 0, 41. ]
   - [ 69, 67, 0, 46. ]
   - [ 70, 73, 0, 51. ]
   - [ 71, 1307, 0, 115. ]
   - [ 72, 470, 0, 118. ]
   - [ 73, 75, 0, 55. ]
   - [ 74, 834, 0, 123. ]
   - [ 75, 76, 0, 20. ]
   - [ 76, 74, 0, 18. ]
   - [ 77, 315, 0, 125. ]
   - [ 78, 79, 0, 9. ]
   - [ 79, 80, 0, 18. ]
   - [ 80, 75, 0, 107. ]
   - [ 81, 85, 0, 73. ]
   - [ 82, 81, 0, 28. ]
   - [ 83, 83, 0, 36. ]
   - [ 84, 86, 0, 17. ]
   - [ 85, 673, 0, 90. ]
   - [ 86, 89, 0, 52. ]
   - [ 87, 1282, 0, 113. ]
   - [ 88, 92, 0, 116. ]
   - [ 89, 91, 0, 64. ]
   - [ 90, 1144, 0, 120. ]
   - [ 91, 677, 0, 106. ]
   - [ 92, 92, 0, 19. ]
   - [ 93, 93, 0, 23. ]
   - [ 94, 693, 0, 119. ]
   - [ 95, 92, 0, 87. ]
   - [ 96, 100, 0, 21. ]
   - [ 97, 96, 0, 30. ]
   - [ 98, 410, 0, 112. ]
   - [ 99, 103, 0, 54. ]
   - [ 100, 95, 0, 58. ]
   - [ 101, 97, 0, 76. ]
   - [ 102, 99, 0, 35. ]
   - [ 103, 106, 0, 73. ]
   - [ 104, 1116, 0, 118. ]
   - [ 105, 102, 0, 54. ]
   - [ 106, 1484, 0, 106. ]
   - [ 107, 107, 0, 112. ]
   - [ 108, 105, 0, 33. ]
   - [ 109, 1142, 0, 134. ]
   - [ 110, 114, 0, 27. ]
   - [ 111, 439, 0, 108. ]
   - [ 112, 834, 0, 120. ]
   - [ 113, 112, 0, 71. ]
   - [ 114, 111, 0, 107. ]
   - [ 115, 113, 0, 60. ]
   - [ 116, 118, 0, 72. ]
   - [ 117, 115, 0, 102. ]
   - [ 118, 116, 0, 80. ]
   - [ 119, 121, 0, 13. ]
   - [ 120, 123, 0, 90. ]
   - [ 121, 431, 0, 142. ]
   - [ 122, 452, 0, 116. ]
   - [ 123, 713, 0, 122. ]
   - [ 124, 1080, 0, 107. ]
   - [ 125, 911, 0, 124. ]
   - [ 126, 524, 0, 116. ]
   - [ 127, 197, 0, 95. ]
   - [ 128, 166, 0, 140. ]
   - [ 129, 575, 0, 87. ]
   - [ 130, 131, 0, 57. ]
   - [ 131, 167, 0, 91. ]
   - [ 132, 419, 0, 120. ]
   - [ 133, 136, 0, 35. ]
   - [ 134, 137, 0, 15. ]
   - [ 135, 139, 0, 37. ]
   - [ 136, 133, 0, 56. ]
   - [ 137, 1180, 0, 116. ]
   - [ 138, 138, 0, 34. ]
   - [ 139, 140, 0, 39. ]
   - [ 140, 285, 0, 95. ]
   - [ 141, 142, 0, 7. ]
   - [ 142, 141, 0, 63. ]
   - [ 143, 986, 0, 105. ]
   - [ 144, 621, 0, 91. ]
   - [ 145, 1135, 0, 103. ]
   - [ 146, 423, 0, 123. ]
   - [ 147, 133, 0, 106. ]
   - [ 148, 420, 0, 146. ]
   - [ 149, 1460, 0, 95. ]
   - [ 150, 146, 0, 59. ]
   - [ 151, 607, 0, 65. ]
   - [ 152, 147, 0, 29. ]
   - [ 153, 84, 0, 76. ]
   - [ 154, 148, 0, 33. ]
   - [ 155, 452, 0, 126. ]
   - [ 156, 153, 0, 97. ]
   - [ 157, 1123, 0, 120. ]
   - [ 158, 153, 0, 103. ]
   - [ 159, 619, 0, 71. ]
   - [ 160, 568, 0, 84. ]
   - [ 161, 152, 0, 37. ]
   - [ 162, 156, 0, 118. ]
   - [ 163, 155, 0, 50. ]
   - [ 164, 157, 0, 21. ]
   - [ 165, 546, 0, 95. ]
   - [ 166, 360, 0, 135. ]
   - [ 167, 127, 0, 125. ]
   - [ 168, 168, 0, 83. ]
   - [ 169, 163, 0, 70. ]
   - [ 170, 661, 0, 103. ]
   - [ 171, 992, 0, 110. ]
   - [ 172, 218, 0, 94. ]
   - [ 173, 167, 0, 10. ]
   - [ 174, 630, 0, 82. ]
   - [ 175, 236, 0, 95. ]
   - [ 176, 621, 0, 71. ]
   - [ 177, 575, 0, 73. ]
   - [ 178, 905, 0, 144. ]
   - [ 179, 169, 0, 37. ]
   - [ 180, 168, 0, 40. ]
   - [ 181, 172, 0, 10. ]
   - [ 182, 110, 0, 128. ]
   - [ 183, 108, 0, 123. ]
   - [ 184, 171, 0, 70. ]
   - [ 185, 176, 0, 22. ]
   - [ 186, 178, 0, 35. ]
   - [ 187, 178, 0, 73. ]
   - [ 188, 767, 0, 125. ]
   - [ 189, 179, 0, 64. ]
   - [ 190, 180, 0, 8. ]
   - [ 191, 181, 0, 7. ]
   - [ 192, 182, 0, 15. ]
   - [ 193, 1291, 0, 103. ]
   - [ 194, 184, 0, 32. ]
   - [ 195, 188, 0, 34. ]
   - [ 196, 185, 0, 10. ]
   - [ 197, 1291, 0, 89. ]
   - [ 198, 935, 0, 120. ]
   - [ 199, 187, 0, 46. ]
   - [ 200, 921, 0, 108. ]
   - [ 201, 191, 0, 14. ]
   - [ 202, 189, 0, 38. ]
   - [ 203, 190, 0, 106. ]
   - [ 204, 192, 0, 27. ]
   - [ 205, 188, 0, 65. ]
   - [ 206, 817, 0, 106. ]
   - [ 207, 197, 0, 25. ]
   - [ 208, 194, 0, 11. ]
   - [ 209, 195, 0, 100. ]
   - [ 210, 195, 0, 62. ]
   - [ 211, 200, 0, 31. ]
   - [ 212, 220, 0, 122. ]
   - [ 213, 199, 0, 55. ]
   - [ 214, 666, 0, 91. ]
   - [ 215, 205, 0, 4. ]
   - [ 216, 1166, 0, 101. ]
   - [ 217, 417, 0, 112. ]
   - [ 218, 547, 0, 103. ]
   - [ 219, 208, 0, 31. ]
   - [ 220, 209, 0, 56. ]
   - [ 221, 210, 0, 32. ]
   - [ 222, 1406, 0, 101. ]
   - [ 223, 869, 0, 110. ]
   - [ 224, 320, 0, 113. ]
   - [ 225, 143, 0, 115. ]
   - [ 226, 218, 0, 18. ]
   - [ 227, 216, 0, 15. ]
   - [ 228, 217, 0, 107. ]
   - [ 229, 220, 0, 62. ]
   - [ 230, 219, 0, 43. ]
   - [ 231, 366, 0, 88. ]
   - [ 232, 512, 0, 89. ]
   - [ 233, 221, 0, 5. ]
   - [ 234, 222, 0, 91. ]
   - [ 235, 223, 0, 63. ]
   - [ 236, 225, 0, 34. ]
   - [ 237, 226, 0, 17. ]
   - [ 238, 239, 0, 118. ]
   - [ 239, 228, 0, 48. ]
   - [ 240, 832, 0, 137. ]
   - [ 241, 230, 0, 4. ]
   - [ 242, 224, 0, 62. ]
   - [ 243, 594, 0, 113. ]
   - [ 244, 235, 0, 11. ]
   - [ 245, 237, 0, 74. ]
   - [ 246, 238, 0, 62. ]
   - [ 247, 1381, 0, 124. ]
   - [ 248, 239, 0, 17. ]
   - [ 249, 236, 0, 11. ]
   - [ 250, 1115, 0, 108. ]
   - [ 251, 703, 0, 81. ]
   - [ 252, 244, 0, 44. ]
   - [ 253, 728, 0, 99. ]
   - [ 254, 156, 0, 119. ]
   - [ 255, 1288, 0, 83. ]
   - [ 256, 247, 0, 16. ]
   - [ 257, 248, 0, 77. ]
   - [ 258, 249, 0, 13. ]
   - [ 259, 713, 0, 81. ]
   - [ 260, 162, 0, 80. ]
   - [ 261, 1120, 0, 89. ]
   - [ 262, 251, 0, 31. ]
   - [ 263, 155, 0, 128. ]
   - [ 264, 613, 0, 147. ]
   - [ 265, 254, 0, 29. ]
   - [ 266, 257, 0, 8. ]
   - [ 267, 255, 0, 12. ]
   - [ 268, 256, 0, 40. ]
   - [ 269, 186, 0, 113. ]
   - [ 270, 259, 0, 49. ]
   - [ 271, 982, 0, 116. ]
   - [ 272, 659, 0, 146. ]
   - [ 273, 263, 0, 87. ]
   - [ 274, 283, 0, 119. ]
   - [ 275, 264, 0, 36. ]
   - [ 276, 265, 0, 13. ]
   - [ 277, 266, 0, 33. ]
   - [ 278, 983, 0, 100. ]
   - [ 279, 823, 0, 144. ]
   - [ 280, 269, 0, 44. ]
   - [ 281, 415, 0, 135. ]
   - [ 282, 264, 0, 139. ]
   - [ 283, 273, 0, 24. ]
   - [ 284, 1246, 0, 114. ]
   - [ 285, 281, 0, 141. ]
   - [ 286, 366, 0, 141. ]
   - [ 287, 272, 0, 9. ]
   - [ 288, 274, 0, 14. ]
   - [ 289, 902, 0, 139. ]
   - [ 290, 282, 0, 55. ]
   - [ 291, 287, 0, 95. ]
   - [ 292, 288, 0, 43. ]
   - [ 293, 283, 0, 30. ]
   - [ 294, 289, 0, 30. ]
   - [ 295, 314, 0, 110. ]
   - [ 296, 284, 0, 35. ]
   - [ 297, 124, 0, 94. ]
   - [ 298, 594, 0, 134. ]
   - [ 299, 286, 0, 30. ]
   - [ 300, 291, 0, 22. ]
   - [ 301, 166, 0, 115. ]
   - [ 302, 292, 0, 12. ]
   - [ 303, 293, 0, 4. ]
   - [ 304, 1180, 0, 126. ]
   - [ 305, 1217, 0, 104. ]
   - [ 306, 447, 0, 108. ]
   - [ 307, 1024, 0, 123. ]
