%YAML:1.0
---
Matches:
   - [ 0, 1070, 0, 2212. ]
   - [ 1, 1327, 0, 2677. ]
   - [ 2, 1033, 0, 2983. ]
   - [ 3, 865, 0, 3559. ]
   - [ 4, 1324, 0, 3366. ]
   - [ 5, 5, 0, 3871. ]
   - [ 6, 621, 0, 2888. ]
   - [ 7, 211, 0, 2812. ]
   - [ 8, 3, 0, 1196. ]
   - [ 9, 378, 0, 3596. ]
   - [ 10, 1, 0, 925. ]
   - [ 11, 7, 0, 1869. ]
   - [ 12, 712, 0, 2680. ]
   - [ 13, 1077, 0, 2814. ]
   - [ 14, 446, 0, 3183. ]
   - [ 15, 4, 0, 755. ]
   - [ 16, 1408, 0, 2838. ]
   - [ 17, 14, 0, 290. ]
   - [ 18, 13, 0, 205. ]
   - [ 19, 5, 0, 724. ]
   - [ 20, 9, 0, 1228. ]
   - [ 21, 18, 0, 761. ]
   - [ 22, 865, 0, 3145. ]
   - [ 23, 19, 0, 1110. ]
   - [ 24, 20, 0, 1854. ]
   - [ 25, 21, 0, 551. ]
   - [ 26, 22, 0, 367. ]
   - [ 27, 245, 0, 4435. ]
   - [ 28, 23, 0, 1027. ]
   - [ 29, 24, 0, 226. ]
   - [ 30, 199, 0, 2134. ]
   - [ 31, 27, 0, 1209. ]
   - [ 32, 31, 0, 1623. ]
   - [ 33, 548, 0, 4141. ]
   - [ 34, 29, 0, 3495. ]
   - [ 35, 29, 0, 1514. ]
   - [ 36, 33, 0, 620. ]
   - [ 37, 34, 0, 1673. ]
   - [ 38, 35, 0, 1116. ]
   - [ 39, 32, 0, 1466. ]
   - [ 40, 41, 0, 1426. ]
   - [ 41, 40, 0, 617. ]
   - [ 42, 43, 0, 1409. ]
   - [ 43, 44, 0, 1415. ]
   - [ 44, 45, 0, 1430. ]
   - [ 45, 48, 0, 769. ]
   - [ 46, 1219, 0, 2667. ]
   - [ 47, 51, 0, 909. ]
   - [ 48, 54, 0, 297. ]
   - [ 49, 38, 0, 1386. ]
   - [ 50, 49, 0, 603. ]
   - [ 51, 50, 0, 1460. ]
   - [ 52, 53, 0, 2115. ]
   - [ 53, 55, 0, 978. ]
   - [ 54, 57, 0, 2842. ]
   - [ 55, 1439, 0, 3642. ]
   - [ 56, 926, 0, 3488. ]
   - [ 57, 52, 0, 1448. ]
   - [ 58, 1069, 0, 2917. ]
   - [ 59, 56, 0, 868. ]
   - [ 60, 54, 0, 2327. ]
   - [ 61, 60, 0, 1928. ]
   - [ 62, 64, 0, 1073. ]
   - [ 63, 158, 0, 2572. ]
   - [ 64, 1175, 0, 2067. ]
   - [ 65, 977, 0, 2828. ]
   - [ 66, 998, 0, 2033. ]
   - [ 67, 63, 0, 1658. ]
   - [ 68, 65, 0, 1234. ]
   - [ 69, 67, 0, 1723. ]
   - [ 70, 73, 0, 1597. ]
   - [ 71, 1307, 0, 2775. ]
   - [ 72, 470, 0, 3013. ]
   - [ 73, 75, 0, 2214. ]
   - [ 74, 606, 0, 3307. ]
   - [ 75, 76, 0, 673. ]
   - [ 76, 74, 0, 488. ]
   - [ 77, 830, 0, 3501. ]
   - [ 78, 79, 0, 227. ]
   - [ 79, 80, 0, 370. ]
   - [ 80, 221, 0, 2430. ]
   - [ 81, 85, 0, 2580. ]
   - [ 82, 81, 0, 1272. ]
   - [ 83, 83, 0, 1226. ]
   - [ 84, 86, 0, 639. ]
   - [ 85, 673, 0, 2510. ]
   - [ 86, 89, 0, 1645. ]
   - [ 87, 874, 0, 2682. ]
   - [ 88, 92, 0, 2926. ]
   - [ 89, 91, 0, 2113. ]
   - [ 90, 598, 0, 2982. ]
   - [ 91, 677, 0, 3067. ]
   - [ 92, 92, 0, 281. ]
   - [ 93, 93, 0, 881. ]
   - [ 94, 1075, 0, 3996. ]
   - [ 95, 92, 0, 1869. ]
   - [ 96, 100, 0, 325. ]
   - [ 97, 96, 0, 879. ]
   - [ 98, 876, 0, 2714. ]
   - [ 99, 103, 0, 1437. ]
   - [ 100, 95, 0, 2019. ]
   - [ 101, 97, 0, 1633. ]
   - [ 102, 99, 0, 1365. ]
   - [ 103, 106, 0, 2349. ]
   - [ 104, 360, 0, 3378. ]
   - [ 105, 102, 0, 2245. ]
   - [ 106, 1128, 0, 2401. ]
   - [ 107, 346, 0, 3622. ]
   - [ 108, 105, 0, 1169. ]
   - [ 109, 1142, 0, 3441. ]
   - [ 110, 114, 0, 1036. ]
   - [ 111, 1042, 0, 2970. ]
   - [ 112, 322, 0, 3324. ]
   - [ 113, 112, 0, 2281. ]
   - [ 114, 111, 0, 3067. ]
   - [ 115, 113, 0, 2058. ]
   - [ 116, 118, 0, 1883. ]
   - [ 117, 115, 0, 3099. ]
   - [ 118, 116, 0, 2892. ]
   - [ 119, 121, 0, 188. ]
   - [ 120, 1068, 0, 2655. ]
   - [ 121, 696, 0, 3792. ]
   - [ 122, 705, 0, 3410. ]
   - [ 123, 98, 0, 3038. ]
   - [ 124, 1080, 0, 2751. ]
   - [ 125, 911, 0, 3481. ]
   - [ 126, 325, 0, 3129. ]
   - [ 127, 574, 0, 2554. ]
   - [ 128, 946, 0, 3172. ]
   - [ 129, 858, 0, 2696. ]
   - [ 130, 131, 0, 2259. ]
   - [ 131, 121, 0, 1893. ]
   - [ 132, 542, 0, 2700. ]
   - [ 133, 136, 0, 1153. ]
   - [ 134, 137, 0, 316. ]
   - [ 135, 139, 0, 1226. ]
   - [ 136, 133, 0, 1385. ]
   - [ 137, 451, 0, 2658. ]
   - [ 138, 138, 0, 1223. ]
   - [ 139, 140, 0, 816. ]
   - [ 140, 141, 0, 2765. ]
   - [ 141, 142, 0, 238. ]
   - [ 142, 141, 0, 1837. ]
   - [ 143, 348, 0, 2933. ]
   - [ 144, 781, 0, 2806. ]
   - [ 145, 1135, 0, 2493. ]
   - [ 146, 145, 0, 2850. ]
   - [ 147, 1371, 0, 2932. ]
   - [ 148, 365, 0, 3971. ]
   - [ 149, 146, 0, 2792. ]
   - [ 150, 146, 0, 2059. ]
   - [ 151, 622, 0, 1911. ]
   - [ 152, 147, 0, 1248. ]
   - [ 153, 622, 0, 2585. ]
   - [ 154, 148, 0, 867. ]
   - [ 155, 618, 0, 3139. ]
   - [ 156, 153, 0, 2605. ]
   - [ 157, 1462, 0, 3086. ]
   - [ 158, 153, 0, 2699. ]
   - [ 159, 436, 0, 1788. ]
   - [ 160, 1034, 0, 2281. ]
   - [ 161, 152, 0, 1252. ]
   - [ 162, 156, 0, 2493. ]
   - [ 163, 155, 0, 1154. ]
   - [ 164, 157, 0, 490. ]
   - [ 165, 546, 0, 2654. ]
   - [ 166, 1180, 0, 3682. ]
   - [ 167, 1462, 0, 3454. ]
   - [ 168, 168, 0, 2582. ]
   - [ 169, 163, 0, 2388. ]
   - [ 170, 319, 0, 3569. ]
   - [ 171, 1501, 0, 2595. ]
   - [ 172, 218, 0, 2772. ]
   - [ 173, 167, 0, 320. ]
   - [ 174, 630, 0, 2347. ]
   - [ 175, 236, 0, 3121. ]
   - [ 176, 621, 0, 1880. ]
   - [ 177, 575, 0, 2147. ]
   - [ 178, 736, 0, 3763. ]
   - [ 179, 169, 0, 1526. ]
   - [ 180, 168, 0, 1103. ]
   - [ 181, 172, 0, 263. ]
   - [ 182, 767, 0, 3556. ]
   - [ 183, 92, 0, 2839. ]
   - [ 184, 171, 0, 2506. ]
   - [ 185, 176, 0, 860. ]
   - [ 186, 178, 0, 1043. ]
   - [ 187, 178, 0, 2189. ]
   - [ 188, 387, 0, 2882. ]
   - [ 189, 179, 0, 1521. ]
   - [ 190, 180, 0, 97. ]
   - [ 191, 181, 0, 528. ]
   - [ 192, 182, 0, 448. ]
   - [ 193, 188, 0, 2948. ]
   - [ 194, 184, 0, 1045. ]
   - [ 195, 188, 0, 847. ]
   - [ 196, 185, 0, 342. ]
   - [ 197, 1291, 0, 2669. ]
   - [ 198, 1143, 0, 3228. ]
   - [ 199, 187, 0, 1461. ]
   - [ 200, 220, 0, 2716. ]
   - [ 201, 191, 0, 476. ]
   - [ 202, 189, 0, 944. ]
   - [ 203, 190, 0, 2697. ]
   - [ 204, 192, 0, 787. ]
   - [ 205, 188, 0, 1840. ]
   - [ 206, 1209, 0, 2796. ]
   - [ 207, 197, 0, 730. ]
   - [ 208, 194, 0, 347. ]
   - [ 209, 195, 0, 2102. ]
   - [ 210, 195, 0, 1838. ]
   - [ 211, 200, 0, 1089. ]
   - [ 212, 918, 0, 2893. ]
   - [ 213, 199, 0, 1098. ]
   - [ 214, 759, 0, 2788. ]
   - [ 215, 205, 0, 180. ]
   - [ 216, 1166, 0, 2086. ]
   - [ 217, 661, 0, 2693. ]
   - [ 218, 289, 0, 2748. ]
   - [ 219, 208, 0, 1195. ]
   - [ 220, 209, 0, 1498. ]
   - [ 221, 210, 0, 1583. ]
   - [ 222, 830, 0, 2713. ]
   - [ 223, 209, 0, 3284. ]
   - [ 224, 714, 0, 2779. ]
   - [ 225, 385, 0, 2707. ]
   - [ 226, 218, 0, 619. ]
   - [ 227, 216, 0, 343. ]
   - [ 228, 157, 0, 2814. ]
   - [ 229, 220, 0, 1856. ]
   - [ 230, 219, 0, 1475. ]
   - [ 231, 366, 0, 2627. ]
   - [ 232, 993, 0, 2360. ]
   - [ 233, 221, 0, 229. ]
   - [ 234, 222, 0, 2654. ]
   - [ 235, 223, 0, 1807. ]
   - [ 236, 225, 0, 1321. ]
   - [ 237, 226, 0, 830. ]
   - [ 238, 771, 0, 2836. ]
   - [ 239, 228, 0, 1769. ]
   - [ 240, 540, 0, 3925. ]
   - [ 241, 230, 0, 148. ]
   - [ 242, 224, 0, 2095. ]
   - [ 243, 594, 0, 3472. ]
   - [ 244, 235, 0, 193. ]
   - [ 245, 237, 0, 2061. ]
   - [ 246, 238, 0, 2131. ]
   - [ 247, 366, 0, 3418. ]
   - [ 248, 239, 0, 511. ]
   - [ 249, 236, 0, 447. ]
   - [ 250, 686, 0, 2909. ]
   - [ 251, 703, 0, 2143. ]
   - [ 252, 244, 0, 1571. ]
   - [ 253, 728, 0, 2754. ]
   - [ 254, 156, 0, 3590. ]
   - [ 255, 1288, 0, 2782. ]
   - [ 256, 247, 0, 273. ]
   - [ 257, 248, 0, 2405. ]
   - [ 258, 249, 0, 498. ]
   - [ 259, 713, 0, 2690. ]
   - [ 260, 1189, 0, 2010. ]
   - [ 261, 1120, 0, 2347. ]
   - [ 262, 251, 0, 883. ]
   - [ 263, 155, 0, 3090. ]
   - [ 264, 792, 0, 3817. ]
   - [ 265, 254, 0, 1223. ]
   - [ 266, 257, 0, 263. ]
   - [ 267, 255, 0, 366. ]
   - [ 268, 256, 0, 1433. ]
   - [ 269, 186, 0, 3101. ]
   - [ 270, 259, 0, 1366. ]
   - [ 271, 1210, 0, 2865. ]
   - [ 272, 1419, 0, 3531. ]
   - [ 273, 724, 0, 2721. ]
   - [ 274, 283, 0, 3041. ]
   - [ 275, 264, 0, 1034. ]
   - [ 276, 265, 0, 339. ]
   - [ 277, 266, 0, 889. ]
   - [ 278, 983, 0, 2110. ]
   - [ 279, 1357, 0, 3561. ]
   - [ 280, 269, 0, 1518. ]
   - [ 281, 1361, 0, 3587. ]
   - [ 282, 1276, 0, 3379. ]
   - [ 283, 273, 0, 491. ]
   - [ 284, 1344, 0, 2725. ]
   - [ 285, 520, 0, 3443. ]
   - [ 286, 926, 0, 3856. ]
   - [ 287, 272, 0, 247. ]
   - [ 288, 274, 0, 512. ]
   - [ 289, 896, 0, 3309. ]
   - [ 290, 282, 0, 1328. ]
   - [ 291, 287, 0, 2469. ]
