%YAML:1.0
---
Matches:
   - [ 0, 1128, 0, 3.6105053424835205 ]
   - [ 1, 84, 0, 3.0618789196014404 ]
   - [ 2, 1072, 0, 3.148237943649292 ]
   - [ 3, 3, 0, 2.1487250328063965 ]
   - [ 4, 1017, 0, 3.4821467399597168 ]
   - [ 5, 1, 0, 1.7403119802474976 ]
   - [ 6, 931, 0, 3.1684367656707764 ]
   - [ 7, 97, 0, 2.8923296928405762 ]
   - [ 8, 3, 0, 3.2776014804840088 ]
   - [ 9, 958, 0, 3.7301902770996094 ]
   - [ 10, 100, 0, 2.4047863483428955 ]
   - [ 11, 147, 0, 3.583768367767334 ]
   - [ 12, 107, 0, 2.9101083278656006 ]
   - [ 13, 532, 0, 2.7290143966674805 ]
   - [ 14, 102, 0, 2.5975162982940674 ]
   - [ 15, 6, 0, 2.2702531814575195 ]
   - [ 16, 0, 0, 0.32551726698875427 ]
   - [ 17, 1, 0, 0.38478958606719971 ]
   - [ 18, 7, 0, 2.4308011531829834 ]
   - [ 19, 2, 0, 0.2590630054473877 ]
   - [ 20, 3, 0, 0.27067765593528748 ]
   - [ 21, 53, 0, 2.7183992862701416 ]
   - [ 22, 6, 0, 0.39209631085395813 ]
   - [ 23, 10, 0, 0.27596062421798706 ]
   - [ 24, 775, 0, 3.3054144382476807 ]
   - [ 25, 4, 0, 0.55702972412109375 ]
   - [ 26, 8, 0, 0.79345864057540894 ]
   - [ 27, 9, 0, 0.5154079794883728 ]
   - [ 28, 12, 0, 0.4826720654964447 ]
   - [ 29, 13, 0, 0.59641808271408081 ]
   - [ 30, 14, 0, 0.40923070907592773 ]
   - [ 31, 7, 0, 0.72717827558517456 ]
   - [ 32, 11, 0, 0.38796931505203247 ]
   - [ 33, 21, 0, 0.72386646270751953 ]
   - [ 34, 19, 0, 0.43953636288642883 ]
   - [ 35, 16, 0, 0.26658928394317627 ]
   - [ 36, 20, 0, 0.20764748752117157 ]
   - [ 37, 24, 0, 0.6974327564239502 ]
   - [ 38, 25, 0, 0.57898133993148804 ]
   - [ 39, 28, 0, 0.57784014940261841 ]
   - [ 40, 29, 0, 0.79218858480453491 ]
   - [ 41, 34, 0, 0.49520653486251831 ]
   - [ 42, 35, 0, 0.5189584493637085 ]
   - [ 43, 36, 0, 0.38682344555854797 ]
   - [ 44, 42, 0, 2.7918603420257568 ]
   - [ 45, 479, 0, 2.4534096717834473 ]
   - [ 46, 30, 0, 0.40063720941543579 ]
   - [ 47, 41, 0, 0.26509401202201843 ]
   - [ 48, 46, 0, 0.18836618959903717 ]
   - [ 49, 17, 0, 0.80653995275497437 ]
   - [ 50, 27, 0, 0.41802439093589783 ]
   - [ 51, 39, 0, 0.59845036268234253 ]
   - [ 52, 40, 0, 0.53806346654891968 ]
   - [ 53, 44, 0, 0.68679440021514893 ]
   - [ 54, 48, 0, 0.56344670057296753 ]
   - [ 55, 52, 0, 0.71301501989364624 ]
   - [ 56, 31, 0, 1.4854062795639038 ]
   - [ 57, 38, 0, 0.4356522262096405 ]
   - [ 58, 43, 0, 0.41827359795570374 ]
   - [ 59, 50, 0, 0.82113480567932129 ]
   - [ 60, 51, 0, 0.684043288230896 ]
   - [ 61, 55, 0, 0.58716177940368652 ]
   - [ 62, 58, 0, 0.5366550087928772 ]
   - [ 63, 62, 0, 0.47778195142745972 ]
   - [ 64, 59, 0, 0.23477396368980408 ]
   - [ 65, 60, 0, 0.48217135667800903 ]
   - [ 66, 472, 0, 1.9837601184844971 ]
   - [ 67, 64, 0, 0.32437893748283386 ]
   - [ 68, 61, 0, 0.6024356484413147 ]
   - [ 69, 63, 0, 0.58279871940612793 ]
   - [ 70, 65, 0, 0.37021473050117493 ]
   - [ 71, 71, 0, 0.34776151180267334 ]
   - [ 72, 73, 0, 1.8099563121795654 ]
   - [ 73, 484, 0, 2.0865747928619385 ]
   - [ 74, 73, 0, 1.0279752016067505 ]
   - [ 75, 487, 0, 2.0042111873626709 ]
   - [ 76, 74, 0, 0.32899245619773865 ]
   - [ 77, 72, 0, 0.18540875613689423 ]
   - [ 78, 67, 0, 2.3076145648956299 ]
   - [ 79, 77, 0, 0.22962097823619843 ]
   - [ 80, 78, 0, 0.24957655370235443 ]
   - [ 81, 73, 0, 2.0315072536468506 ]
   - [ 82, 83, 0, 1.1343685388565063 ]
   - [ 83, 79, 0, 0.44853922724723816 ]
   - [ 84, 81, 0, 0.29871788620948792 ]
   - [ 85, 84, 0, 0.21294814348220825 ]
   - [ 86, 505, 0, 2.1640815734863281 ]
   - [ 87, 87, 0, 0.43536368012428284 ]
   - [ 88, 79, 0, 2.6248710155487061 ]
   - [ 89, 506, 0, 2.2640113830566406 ]
   - [ 90, 89, 0, 0.62445878982543945 ]
   - [ 91, 93, 0, 3.3309457302093506 ]
   - [ 92, 498, 0, 2.1558449268341064 ]
   - [ 93, 90, 0, 0.21863630414009094 ]
   - [ 94, 91, 0, 0.30586564540863037 ]
   - [ 95, 92, 0, 0.38076061010360718 ]
   - [ 96, 82, 0, 2.5724496841430664 ]
   - [ 97, 98, 0, 0.54145556688308716 ]
   - [ 98, 94, 0, 0.22874896228313446 ]
   - [ 99, 505, 0, 2.1948657035827637 ]
   - [ 100, 101, 0, 0.27098697423934937 ]
   - [ 101, 93, 0, 0.75834363698959351 ]
   - [ 102, 95, 0, 0.99790745973587036 ]
   - [ 103, 97, 0, 0.59532636404037476 ]
   - [ 104, 104, 0, 0.49673929810523987 ]
   - [ 105, 511, 0, 2.1300971508026123 ]
   - [ 106, 100, 0, 0.75803142786026001 ]
   - [ 107, 106, 0, 0.33610701560974121 ]
   - [ 108, 105, 0, 2.0042414665222168 ]
   - [ 109, 103, 0, 0.65495443344116211 ]
   - [ 110, 96, 0, 2.9969601631164551 ]
   - [ 111, 113, 0, 0.43718582391738892 ]
   - [ 112, 219, 0, 2.4099171161651611 ]
   - [ 113, 109, 0, 2.8626508712768555 ]
   - [ 114, 111, 0, 1.2314243316650391 ]
   - [ 115, 110, 0, 1.1354070901870728 ]
   - [ 116, 112, 0, 1.5763819217681885 ]
   - [ 117, 117, 0, 0.94965207576751709 ]
   - [ 118, 114, 0, 2.7008211612701416 ]
   - [ 119, 115, 0, 1.4852315187454224 ]
   - [ 120, 120, 0, 0.087596163153648376 ]
   - [ 121, 122, 0, 0.82636702060699463 ]
   - [ 122, 65, 0, 2.4859681129455566 ]
   - [ 123, 522, 0, 2.3601188659667969 ]
   - [ 124, 536, 0, 2.0124044418334961 ]
   - [ 125, 117, 0, 2.3020172119140625 ]
   - [ 126, 543, 0, 2.8578391075134277 ]
   - [ 127, 124, 0, 1.1531842947006226 ]
   - [ 128, 129, 0, 1.2624815702438354 ]
   - [ 129, 543, 0, 3.3950695991516113 ]
   - [ 130, 547, 0, 2.5700986385345459 ]
   - [ 131, 130, 0, 1.1515728235244751 ]
   - [ 132, 949, 0, 2.7771751880645752 ]
   - [ 133, 543, 0, 3.0301632881164551 ]
   - [ 134, 135, 0, 0.21743090450763702 ]
   - [ 135, 136, 0, 0.17582209408283234 ]
   - [ 136, 138, 0, 0.084621936082839966 ]
   - [ 137, 132, 0, 0.7400241494178772 ]
   - [ 138, 578, 0, 3.1337337493896484 ]
   - [ 139, 137, 0, 0.77622967958450317 ]
   - [ 140, 139, 0, 0.23889902234077454 ]
   - [ 141, 140, 0, 2.5554368495941162 ]
   - [ 142, 141, 0, 0.30338111519813538 ]
   - [ 143, 140, 0, 0.41237679123878479 ]
   - [ 144, 674, 0, 2.6774666309356689 ]
   - [ 145, 332, 0, 2.6947290897369385 ]
   - [ 146, 137, 0, 1.9854637384414673 ]
   - [ 147, 716, 0, 3.2759532928466797 ]
   - [ 148, 703, 0, 2.7909111976623535 ]
   - [ 149, 144, 0, 3.427734375 ]
   - [ 150, 145, 0, 1.2871878147125244 ]
   - [ 151, 145, 0, 0.63772732019424438 ]
   - [ 152, 579, 0, 0.66944718360900879 ]
   - [ 153, 146, 0, 0.9820752739906311 ]
   - [ 154, 579, 0, 1.9957058429718018 ]
   - [ 155, 147, 0, 0.48484593629837036 ]
   - [ 156, 563, 0, 2.240675687789917 ]
   - [ 157, 152, 0, 2.4595348834991455 ]
   - [ 158, 703, 0, 2.6934494972229004 ]
   - [ 159, 570, 0, 2.7879188060760498 ]
   - [ 160, 591, 0, 1.2648570537567139 ]
   - [ 161, 163, 0, 1.7050155401229858 ]
   - [ 162, 151, 0, 0.58464604616165161 ]
   - [ 163, 154, 0, 1.8220269680023193 ]
   - [ 164, 154, 0, 0.91848868131637573 ]
   - [ 165, 156, 0, 0.22910340130329132 ]
   - [ 166, 148, 0, 1.7734353542327881 ]
   - [ 167, 600, 0, 2.5517241954803467 ]
   - [ 168, 1106, 0, 2.6855399608612061 ]
   - [ 169, 167, 0, 2.1362297534942627 ]
   - [ 170, 162, 0, 1.0208966732025146 ]
   - [ 171, 164, 0, 2.5790162086486816 ]
   - [ 172, 165, 0, 2.3383941650390625 ]
   - [ 173, 355, 0, 2.8492138385772705 ]
   - [ 174, 166, 0, 0.071618840098381042 ]
   - [ 175, 1137, 0, 2.6827080249786377 ]
   - [ 176, 610, 0, 1.7110011577606201 ]
   - [ 177, 175, 0, 1.9659864902496338 ]
   - [ 178, 1104, 0, 2.7600152492523193 ]
   - [ 179, 164, 0, 3.2486917972564697 ]
   - [ 180, 168, 0, 1.0076363086700439 ]
   - [ 181, 167, 0, 0.65559768676757812 ]
   - [ 182, 171, 0, 0.075601808726787567 ]
   - [ 183, 584, 0, 1.9605544805526733 ]
   - [ 184, 612, 0, 1.9854133129119873 ]
   - [ 185, 606, 0, 2.9051063060760498 ]
   - [ 186, 174, 0, 0.81079405546188354 ]
   - [ 187, 176, 0, 0.92341870069503784 ]
   - [ 188, 176, 0, 2.0799171924591064 ]
   - [ 189, 183, 0, 3.0404808521270752 ]
   - [ 190, 177, 0, 0.6780550479888916 ]
   - [ 191, 178, 0, 0.08312513679265976 ]
   - [ 192, 179, 0, 0.086561225354671478 ]
   - [ 193, 180, 0, 0.090814486145973206 ]
   - [ 194, 1038, 0, 3.0448358058929443 ]
   - [ 195, 181, 0, 0.65146994590759277 ]
   - [ 196, 183, 0, 2.1059050559997559 ]
