%YAML:1.0
---
Matches:
   - [ 0, 1070, 0, 463.06155395507812 ]
   - [ 1, 782, 0, 543.24761962890625 ]
   - [ 2, 1033, 0, 575.96441650390625 ]
   - [ 3, 1105, 0, 630.4403076171875 ]
   - [ 4, 1324, 0, 643.53863525390625 ]
   - [ 5, 102, 0, 689.30615234375 ]
   - [ 6, 621, 0, 543.681884765625 ]
   - [ 7, 211, 0, 559.49261474609375 ]
   - [ 8, 3, 0, 355.38711547851562 ]
   - [ 9, 378, 0, 728.83331298828125 ]
   - [ 10, 1, 0, 345.81063842773438 ]
   - [ 11, 7, 0, 399.4383544921875 ]
   - [ 12, 712, 0, 543.578857421875 ]
   - [ 13, 1077, 0, 568.0035400390625 ]
   - [ 14, 446, 0, 622.33831787109375 ]
   - [ 15, 4, 0, 283.61065673828125 ]
   - [ 16, 1408, 0, 566.59332275390625 ]
   - [ 17, 14, 0, 149.01678466796875 ]
   - [ 18, 13, 0, 98.229324340820312 ]
   - [ 19, 5, 0, 273.32763671875 ]
   - [ 20, 9, 0, 430.5391845703125 ]
   - [ 21, 18, 0, 292.09759521484375 ]
   - [ 22, 115, 0, 571.52777099609375 ]
   - [ 23, 19, 0, 321.3409423828125 ]
   - [ 24, 20, 0, 443.88287353515625 ]
   - [ 25, 21, 0, 235.22967529296875 ]
   - [ 26, 22, 0, 158.51498413085938 ]
   - [ 27, 245, 0, 781.0755615234375 ]
   - [ 28, 23, 0, 329.3736572265625 ]
   - [ 29, 24, 0, 134.50650024414062 ]
   - [ 30, 199, 0, 427.27975463867188 ]
   - [ 31, 27, 0, 392.75311279296875 ]
   - [ 32, 31, 0, 453.49420166015625 ]
   - [ 33, 1000, 0, 737.290283203125 ]
   - [ 34, 824, 0, 666.02099609375 ]
   - [ 35, 29, 0, 379.734130859375 ]
   - [ 36, 33, 0, 256.4371337890625 ]
   - [ 37, 34, 0, 407.13018798828125 ]
   - [ 38, 35, 0, 345.54595947265625 ]
   - [ 39, 32, 0, 377.46258544921875 ]
   - [ 40, 41, 0, 407.02334594726562 ]
   - [ 41, 40, 0, 182.10162353515625 ]
   - [ 42, 43, 0, 319.25067138671875 ]
   - [ 43, 44, 0, 365.61865234375 ]
   - [ 44, 45, 0, 365.88250732421875 ]
   - [ 45, 48, 0, 277.19488525390625 ]
   - [ 46, 1219, 0, 522.8909912109375 ]
   - [ 47, 51, 0, 331.71524047851562 ]
   - [ 48, 54, 0, 184.00271606445312 ]
   - [ 49, 38, 0, 421.53054809570312 ]
   - [ 50, 49, 0, 254.04920959472656 ]
   - [ 51, 50, 0, 326.1778564453125 ]
   - [ 52, 53, 0, 452.76153564453125 ]
   - [ 53, 55, 0, 293.65966796875 ]
   - [ 54, 57, 0, 584.15411376953125 ]
   - [ 55, 23, 0, 684.2177734375 ]
   - [ 56, 926, 0, 621.7957763671875 ]
   - [ 57, 52, 0, 411.7135009765625 ]
   - [ 58, 490, 0, 566.7847900390625 ]
   - [ 59, 56, 0, 304.18087768554688 ]
   - [ 60, 1037, 0, 529.485595703125 ]
   - [ 61, 60, 0, 488.19873046875 ]
   - [ 62, 64, 0, 330.84890747070312 ]
   - [ 63, 347, 0, 547.8348388671875 ]
   - [ 64, 1175, 0, 480.56112670898438 ]
   - [ 65, 977, 0, 611.95916748046875 ]
   - [ 66, 109, 0, 441.436279296875 ]
   - [ 67, 63, 0, 413.4803466796875 ]
   - [ 68, 65, 0, 346.50540161132812 ]
   - [ 69, 67, 0, 413.11135864257812 ]
   - [ 70, 73, 0, 407.10317993164062 ]
   - [ 71, 1307, 0, 564.9964599609375 ]
   - [ 72, 1274, 0, 617.04864501953125 ]
   - [ 73, 75, 0, 520.49017333984375 ]
   - [ 74, 606, 0, 632.04510498046875 ]
   - [ 75, 76, 0, 288.33486938476562 ]
   - [ 76, 74, 0, 211.9197998046875 ]
   - [ 77, 904, 0, 638.416015625 ]
   - [ 78, 79, 0, 137.18965148925781 ]
   - [ 79, 80, 0, 155.72412109375 ]
   - [ 80, 221, 0, 499.29348754882812 ]
   - [ 81, 85, 0, 532.18792724609375 ]
   - [ 82, 81, 0, 378.38339233398438 ]
   - [ 83, 83, 0, 374.84930419921875 ]
   - [ 84, 86, 0, 227.76522827148438 ]
   - [ 85, 351, 0, 500.327880859375 ]
   - [ 86, 89, 0, 472.06460571289062 ]
   - [ 87, 1210, 0, 521.5447998046875 ]
   - [ 88, 219, 0, 538.4013671875 ]
   - [ 89, 91, 0, 497.1005859375 ]
   - [ 90, 598, 0, 545.7435302734375 ]
   - [ 91, 1464, 0, 648.09954833984375 ]
   - [ 92, 92, 0, 112.39662170410156 ]
   - [ 93, 93, 0, 300.49127197265625 ]
   - [ 94, 811, 0, 715.19580078125 ]
   - [ 95, 92, 0, 427.814208984375 ]
   - [ 96, 100, 0, 129.96537780761719 ]
   - [ 97, 96, 0, 314.22125244140625 ]
   - [ 98, 1365, 0, 555.86328125 ]
   - [ 99, 103, 0, 434.97012329101562 ]
   - [ 100, 95, 0, 459.4464111328125 ]
   - [ 101, 97, 0, 363.14047241210938 ]
   - [ 102, 99, 0, 377.97750854492188 ]
   - [ 103, 106, 0, 546.05767822265625 ]
   - [ 104, 360, 0, 633.49346923828125 ]
   - [ 105, 102, 0, 555.22698974609375 ]
   - [ 106, 1128, 0, 515.08929443359375 ]
   - [ 107, 346, 0, 665.286376953125 ]
   - [ 108, 105, 0, 361.063720703125 ]
   - [ 109, 1142, 0, 635.61700439453125 ]
   - [ 110, 114, 0, 297.07574462890625 ]
   - [ 111, 1042, 0, 572.10662841796875 ]
   - [ 112, 762, 0, 656.0220947265625 ]
   - [ 113, 112, 0, 497.6474609375 ]
   - [ 114, 111, 0, 588.689208984375 ]
   - [ 115, 113, 0, 517.81463623046875 ]
   - [ 116, 118, 0, 469.3985595703125 ]
   - [ 117, 906, 0, 599.5306396484375 ]
   - [ 118, 116, 0, 576.1197509765625 ]
   - [ 119, 121, 0, 90.077743530273438 ]
   - [ 120, 123, 0, 573.06890869140625 ]
   - [ 121, 696, 0, 717.0830078125 ]
   - [ 122, 35, 0, 655.2213134765625 ]
   - [ 123, 98, 0, 612.8197021484375 ]
   - [ 124, 1080, 0, 556.5743408203125 ]
   - [ 125, 216, 0, 670.85540771484375 ]
   - [ 126, 1393, 0, 594.184326171875 ]
   - [ 127, 574, 0, 555.31610107421875 ]
   - [ 128, 946, 0, 611.72216796875 ]
   - [ 129, 180, 0, 603.1939697265625 ]
   - [ 130, 131, 0, 515.39208984375 ]
   - [ 131, 121, 0, 435.18157958984375 ]
   - [ 132, 1328, 0, 586.4017333984375 ]
   - [ 133, 136, 0, 364.57235717773438 ]
   - [ 134, 137, 0, 152.33515930175781 ]
   - [ 135, 139, 0, 355.8173828125 ]
   - [ 136, 133, 0, 353.10763549804688 ]
   - [ 137, 451, 0, 580.61865234375 ]
   - [ 138, 138, 0, 363.03579711914062 ]
   - [ 139, 140, 0, 249.58364868164062 ]
   - [ 140, 141, 0, 551.6783447265625 ]
   - [ 141, 142, 0, 146.9217529296875 ]
   - [ 142, 141, 0, 438.96810913085938 ]
   - [ 143, 524, 0, 607.1630859375 ]
   - [ 144, 781, 0, 533.33856201171875 ]
   - [ 145, 1135, 0, 511.72161865234375 ]
   - [ 146, 145, 0, 554.3302001953125 ]
   - [ 147, 1371, 0, 581.8900146484375 ]
   - [ 148, 365, 0, 720.35479736328125 ]
   - [ 149, 240, 0, 590.684326171875 ]
   - [ 150, 146, 0, 529.92926025390625 ]
   - [ 151, 622, 0, 420.48663330078125 ]
   - [ 152, 147, 0, 368.54037475585938 ]
   - [ 153, 1300, 0, 533.60003662109375 ]
   - [ 154, 148, 0, 279.82315063476562 ]
   - [ 155, 1135, 0, 625.84185791015625 ]
   - [ 156, 153, 0, 616.22479248046875 ]
   - [ 157, 1188, 0, 590.04827880859375 ]
   - [ 158, 153, 0, 553.85650634765625 ]
   - [ 159, 436, 0, 415.85092163085938 ]
   - [ 160, 552, 0, 472.373779296875 ]
   - [ 161, 152, 0, 347.640625 ]
   - [ 162, 458, 0, 519.52093505859375 ]
   - [ 163, 155, 0, 319.60601806640625 ]
   - [ 164, 157, 0, 207.25828552246094 ]
   - [ 165, 1012, 0, 554.222900390625 ]
   - [ 166, 1180, 0, 668.40704345703125 ]
   - [ 167, 1462, 0, 637.4010009765625 ]
   - [ 168, 1051, 0, 497.3157958984375 ]
   - [ 169, 163, 0, 541.17279052734375 ]
   - [ 170, 131, 0, 666.82305908203125 ]
   - [ 171, 77, 0, 585.3460693359375 ]
   - [ 172, 1329, 0, 540.066650390625 ]
   - [ 173, 167, 0, 192.85227966308594 ]
   - [ 174, 272, 0, 510.75433349609375 ]
   - [ 175, 236, 0, 653.310791015625 ]
   - [ 176, 621, 0, 444.70440673828125 ]
   - [ 177, 575, 0, 482.57537841796875 ]
   - [ 178, 736, 0, 645.98529052734375 ]
   - [ 179, 169, 0, 399.95748901367188 ]
   - [ 180, 168, 0, 334.65655517578125 ]
   - [ 181, 172, 0, 148.01689147949219 ]
   - [ 182, 767, 0, 634.8338623046875 ]
   - [ 183, 92, 0, 521.10748291015625 ]
   - [ 184, 982, 0, 485. ]
   - [ 185, 176, 0, 315.99368286132812 ]
   - [ 186, 178, 0, 276.41091918945312 ]
   - [ 187, 178, 0, 488.3963623046875 ]
   - [ 188, 1062, 0, 538.415283203125 ]
   - [ 189, 179, 0, 387.833740234375 ]
   - [ 190, 180, 0, 54.635154724121094 ]
   - [ 191, 181, 0, 256.18743896484375 ]
   - [ 192, 182, 0, 177.6119384765625 ]
   - [ 193, 949, 0, 617.88995361328125 ]
   - [ 194, 184, 0, 340.0985107421875 ]
   - [ 195, 188, 0, 249.29299926757812 ]
   - [ 196, 185, 0, 207.73541259765625 ]
   - [ 197, 1291, 0, 562.77081298828125 ]
   - [ 198, 184, 0, 587.875 ]
   - [ 199, 187, 0, 371.15631103515625 ]
   - [ 200, 921, 0, 593.1348876953125 ]
   - [ 201, 191, 0, 231.57719421386719 ]
