%YAML:1.0
---
Matches:
   - [ 0, 1128, 0, 0.58866804838180542 ]
   - [ 1, 84, 0, 0.52818810939788818 ]
   - [ 2, 1072, 0, 0.52708756923675537 ]
   - [ 3, 3, 0, 0.3624037504196167 ]
   - [ 4, 1017, 0, 0.53352552652359009 ]
   - [ 5, 1, 0, 0.32113882899284363 ]
   - [ 6, 931, 0, 0.51981675624847412 ]
   - [ 7, 97, 0, 0.52020716667175293 ]
   - [ 8, 3, 0, 0.52686738967895508 ]
   - [ 9, 958, 0, 0.59496819972991943 ]
   - [ 10, 100, 0, 0.47950136661529541 ]
   - [ 11, 147, 0, 0.60664206743240356 ]
   - [ 12, 554, 0, 0.48701909184455872 ]
   - [ 13, 549, 0, 0.44749602675437927 ]
   - [ 14, 1114, 0, 0.42763975262641907 ]
   - [ 15, 6, 0, 0.37963348627090454 ]
   - [ 16, 0, 0, 0.053261518478393555 ]
   - [ 17, 1, 0, 0.062442287802696228 ]
   - [ 18, 7, 0, 0.43657663464546204 ]
   - [ 19, 2, 0, 0.044321946799755096 ]
   - [ 20, 3, 0, 0.054324790835380554 ]
   - [ 21, 53, 0, 0.43149930238723755 ]
   - [ 22, 6, 0, 0.063837319612503052 ]
   - [ 23, 10, 0, 0.045355100184679031 ]
   - [ 24, 1143, 0, 0.53728806972503662 ]
   - [ 25, 4, 0, 0.090139985084533691 ]
   - [ 26, 8, 0, 0.14689271152019501 ]
   - [ 27, 9, 0, 0.093923293054103851 ]
   - [ 28, 12, 0, 0.077050462365150452 ]
   - [ 29, 13, 0, 0.10266757756471634 ]
   - [ 30, 14, 0, 0.071753628551959991 ]
   - [ 31, 7, 0, 0.1307235062122345 ]
   - [ 32, 11, 0, 0.062317296862602234 ]
   - [ 33, 21, 0, 0.12898825109004974 ]
   - [ 34, 19, 0, 0.07127649337053299 ]
   - [ 35, 16, 0, 0.04230150580406189 ]
   - [ 36, 20, 0, 0.035538475960493088 ]
   - [ 37, 24, 0, 0.1383088231086731 ]
   - [ 38, 25, 0, 0.086006589233875275 ]
   - [ 39, 28, 0, 0.096172355115413666 ]
   - [ 40, 29, 0, 0.13179928064346313 ]
   - [ 41, 34, 0, 0.087421931326389313 ]
   - [ 42, 35, 0, 0.092052780091762543 ]
   - [ 43, 36, 0, 0.070295840501785278 ]
   - [ 44, 125, 0, 0.53552776575088501 ]
   - [ 45, 479, 0, 0.46666193008422852 ]
   - [ 46, 30, 0, 0.0754895880818367 ]
   - [ 47, 41, 0, 0.046384654939174652 ]
   - [ 48, 46, 0, 0.040776234120130539 ]
   - [ 49, 17, 0, 0.13538411259651184 ]
   - [ 50, 27, 0, 0.080337569117546082 ]
   - [ 51, 39, 0, 0.089997813105583191 ]
   - [ 52, 40, 0, 0.10123850405216217 ]
   - [ 53, 44, 0, 0.11369927227497101 ]
   - [ 54, 48, 0, 0.10500338673591614 ]
   - [ 55, 52, 0, 0.12079309672117233 ]
   - [ 56, 31, 0, 0.27118390798568726 ]
   - [ 57, 38, 0, 0.073005609214305878 ]
   - [ 58, 43, 0, 0.068335682153701782 ]
   - [ 59, 50, 0, 0.15590433776378632 ]
   - [ 60, 51, 0, 0.12122100591659546 ]
   - [ 61, 55, 0, 0.099333688616752625 ]
   - [ 62, 58, 0, 0.10366590321063995 ]
   - [ 63, 62, 0, 0.090676687657833099 ]
   - [ 64, 59, 0, 0.039692673832178116 ]
   - [ 65, 60, 0, 0.084919005632400513 ]
   - [ 66, 472, 0, 0.32726350426673889 ]
   - [ 67, 64, 0, 0.052919447422027588 ]
   - [ 68, 61, 0, 0.099697865545749664 ]
   - [ 69, 63, 0, 0.10467657446861267 ]
   - [ 70, 65, 0, 0.060056507587432861 ]
   - [ 71, 71, 0, 0.058291371911764145 ]
   - [ 72, 73, 0, 0.30891934037208557 ]
   - [ 73, 484, 0, 0.36101067066192627 ]
   - [ 74, 73, 0, 0.18420965969562531 ]
   - [ 75, 487, 0, 0.32940056920051575 ]
   - [ 76, 74, 0, 0.057402655482292175 ]
   - [ 77, 72, 0, 0.03143494576215744 ]
   - [ 78, 67, 0, 0.47669455409049988 ]
   - [ 79, 77, 0, 0.034489776939153671 ]
   - [ 80, 78, 0, 0.039314564317464828 ]
   - [ 81, 73, 0, 0.33170893788337708 ]
   - [ 82, 83, 0, 0.20228418707847595 ]
   - [ 83, 79, 0, 0.073125585913658142 ]
   - [ 84, 81, 0, 0.04721151664853096 ]
   - [ 85, 84, 0, 0.033784318715333939 ]
   - [ 86, 505, 0, 0.38811984658241272 ]
   - [ 87, 87, 0, 0.082489669322967529 ]
   - [ 88, 79, 0, 0.44896811246871948 ]
   - [ 89, 506, 0, 0.37550291419029236 ]
   - [ 90, 89, 0, 0.10600759834051132 ]
   - [ 91, 93, 0, 0.54299932718276978 ]
   - [ 92, 498, 0, 0.34442412853240967 ]
   - [ 93, 90, 0, 0.036437954753637314 ]
   - [ 94, 91, 0, 0.054691426455974579 ]
   - [ 95, 92, 0, 0.068097501993179321 ]
   - [ 96, 82, 0, 0.46997377276420593 ]
   - [ 97, 98, 0, 0.099084407091140747 ]
   - [ 98, 94, 0, 0.03909594938158989 ]
   - [ 99, 102, 0, 0.39893600344657898 ]
   - [ 100, 101, 0, 0.048539318144321442 ]
   - [ 101, 93, 0, 0.13762849569320679 ]
   - [ 102, 95, 0, 0.1527596116065979 ]
   - [ 103, 97, 0, 0.097428359091281891 ]
   - [ 104, 104, 0, 0.079722009599208832 ]
   - [ 105, 511, 0, 0.35692945122718811 ]
   - [ 106, 100, 0, 0.15978677570819855 ]
   - [ 107, 106, 0, 0.059437252581119537 ]
   - [ 108, 105, 0, 0.39683306217193604 ]
   - [ 109, 103, 0, 0.10159397125244141 ]
   - [ 110, 512, 0, 0.5248112678527832 ]
   - [ 111, 113, 0, 0.079104989767074585 ]
   - [ 112, 219, 0, 0.39669397473335266 ]
   - [ 113, 109, 0, 0.5795632004737854 ]
   - [ 114, 111, 0, 0.25098398327827454 ]
   - [ 115, 110, 0, 0.20693734288215637 ]
   - [ 116, 112, 0, 0.32183140516281128 ]
   - [ 117, 117, 0, 0.16812622547149658 ]
   - [ 118, 114, 0, 0.45928001403808594 ]
   - [ 119, 115, 0, 0.28187671303749084 ]
   - [ 120, 120, 0, 0.018517682328820229 ]
   - [ 121, 122, 0, 0.16328413784503937 ]
   - [ 122, 65, 0, 0.43643200397491455 ]
   - [ 123, 522, 0, 0.40435269474983215 ]
   - [ 124, 536, 0, 0.36138790845870972 ]
   - [ 125, 117, 0, 0.39373728632926941 ]
   - [ 126, 535, 0, 0.46659508347511292 ]
   - [ 127, 124, 0, 0.20340049266815186 ]
   - [ 128, 129, 0, 0.20872697234153748 ]
   - [ 129, 543, 0, 0.5503159761428833 ]
   - [ 130, 547, 0, 0.43541070818901062 ]
   - [ 131, 130, 0, 0.18998368084430695 ]
   - [ 132, 949, 0, 0.46265056729316711 ]
   - [ 133, 543, 0, 0.50212132930755615 ]
   - [ 134, 135, 0, 0.035326506942510605 ]
   - [ 135, 136, 0, 0.031528998166322708 ]
   - [ 136, 138, 0, 0.012892994098365307 ]
   - [ 137, 132, 0, 0.14093273878097534 ]
   - [ 138, 623, 0, 0.50406372547149658 ]
   - [ 139, 137, 0, 0.13028094172477722 ]
   - [ 140, 139, 0, 0.039132650941610336 ]
   - [ 141, 140, 0, 0.45828151702880859 ]
   - [ 142, 141, 0, 0.06047612801194191 ]
   - [ 143, 140, 0, 0.064602009952068329 ]
   - [ 144, 674, 0, 0.43156242370605469 ]
   - [ 145, 332, 0, 0.45719003677368164 ]
   - [ 146, 137, 0, 0.32842341065406799 ]
   - [ 147, 716, 0, 0.57120150327682495 ]
   - [ 148, 687, 0, 0.46290716528892517 ]
   - [ 149, 558, 0, 0.53647273778915405 ]
   - [ 150, 145, 0, 0.26026219129562378 ]
   - [ 151, 145, 0, 0.14134281873703003 ]
   - [ 152, 579, 0, 0.11189781874418259 ]
   - [ 153, 146, 0, 0.19798989593982697 ]
   - [ 154, 1009, 0, 0.34648886322975159 ]
   - [ 155, 147, 0, 0.079951077699661255 ]
   - [ 156, 563, 0, 0.38702180981636047 ]
   - [ 157, 152, 0, 0.44142997264862061 ]
   - [ 158, 703, 0, 0.44518890976905823 ]
   - [ 159, 570, 0, 0.45966625213623047 ]
   - [ 160, 591, 0, 0.223104327917099 ]
   - [ 161, 163, 0, 0.3100704550743103 ]
   - [ 162, 151, 0, 0.10401558876037598 ]
   - [ 163, 154, 0, 0.31486091017723083 ]
   - [ 164, 154, 0, 0.19895067811012268 ]
   - [ 165, 156, 0, 0.041056051850318909 ]
   - [ 166, 148, 0, 0.29307165741920471 ]
   - [ 167, 563, 0, 0.45947104692459106 ]
   - [ 168, 1118, 0, 0.43754494190216064 ]
   - [ 169, 167, 0, 0.39824652671813965 ]
   - [ 170, 162, 0, 0.16791218519210815 ]
   - [ 171, 164, 0, 0.43375289440155029 ]
   - [ 172, 165, 0, 0.3632543683052063 ]
   - [ 173, 349, 0, 0.47456270456314087 ]
   - [ 174, 166, 0, 0.012630665674805641 ]
   - [ 175, 1137, 0, 0.40754276514053345 ]
   - [ 176, 610, 0, 0.28330811858177185 ]
   - [ 177, 175, 0, 0.32432442903518677 ]
   - [ 178, 1104, 0, 0.43071216344833374 ]
   - [ 179, 598, 0, 0.56309545040130615 ]
   - [ 180, 168, 0, 0.17856639623641968 ]
   - [ 181, 167, 0, 0.11239959299564362 ]
   - [ 182, 171, 0, 0.013307956047356129 ]
   - [ 183, 584, 0, 0.3539777398109436 ]
   - [ 184, 612, 0, 0.37875744700431824 ]
   - [ 185, 606, 0, 0.47543737292289734 ]
   - [ 186, 174, 0, 0.13814666867256165 ]
   - [ 187, 176, 0, 0.16902844607830048 ]
   - [ 188, 176, 0, 0.34421107172966003 ]
   - [ 189, 619, 0, 0.49433344602584839 ]
   - [ 190, 177, 0, 0.11193311959505081 ]
   - [ 191, 178, 0, 0.014193219132721424 ]
   - [ 192, 179, 0, 0.01435763668268919 ]
