%YAML:1.0
---
Matches:
   - [ 0, 5, 0, 933. ]
   - [ 1, 196, 0, 588. ]
   - [ 2, 200, 0, 1542. ]
   - [ 3, 267, 0, 1403. ]
   - [ 4, 121, 0, 652. ]
   - [ 5, 36, 0, 256. ]
   - [ 6, 343, 0, 1476. ]
   - [ 7, 117, 0, 1530. ]
   - [ 8, 113, 0, 878. ]
   - [ 9, 121, 0, 848. ]
   - [ 10, 25, 0, 1492. ]
   - [ 11, 476, 0, 1231. ]
   - [ 12, 102, 0, 400. ]
   - [ 13, 437, 0, 1518. ]
   - [ 14, 90, 0, 652. ]
   - [ 15, 57, 0, 1148. ]
   - [ 16, 85, 0, 600. ]
   - [ 17, 1, 0, 1088. ]
   - [ 18, 81, 0, 230. ]
   - [ 19, 62, 0, 1126. ]
   - [ 20, 52, 0, 958. ]
   - [ 21, 259, 0, 1553. ]
   - [ 22, 169, 0, 547. ]
   - [ 23, 137, 0, 1314. ]
   - [ 24, 168, 0, 81. ]
   - [ 25, 86, 0, 664. ]
   - [ 26, 167, 0, 1040. ]
   - [ 27, 9, 0, 1086. ]
   - [ 28, 53, 0, 905. ]
   - [ 29, 112, 0, 1248. ]
   - [ 30, 131, 0, 1434. ]
   - [ 31, 21, 0, 1010. ]
   - [ 32, 21, 0, 446. ]
   - [ 33, 53, 0, 667. ]
   - [ 34, 16, 0, 1017. ]
   - [ 35, 153, 0, 886. ]
   - [ 36, 383, 0, 1274. ]
   - [ 37, 474, 0, 1479. ]
   - [ 38, 103, 0, 813. ]
   - [ 39, 82, 0, 945. ]
   - [ 40, 49, 0, 536. ]
   - [ 41, 11, 0, 1755. ]
   - [ 42, 4, 0, 1723. ]
   - [ 43, 73, 0, 1564. ]
   - [ 44, 43, 0, 1356. ]
   - [ 45, 27, 0, 409. ]
   - [ 46, 208, 0, 1230. ]
   - [ 47, 329, 0, 1516. ]
   - [ 48, 120, 0, 518. ]
   - [ 49, 160, 0, 1546. ]
   - [ 50, 42, 0, 1117. ]
   - [ 51, 6, 0, 642. ]
   - [ 52, 127, 0, 767. ]
   - [ 53, 60, 0, 1771. ]
   - [ 54, 18, 0, 832. ]
   - [ 55, 130, 0, 694. ]
   - [ 56, 98, 0, 902. ]
   - [ 57, 188, 0, 1029. ]
   - [ 58, 30, 0, 1542. ]
   - [ 59, 40, 0, 811. ]
   - [ 60, 125, 0, 594. ]
   - [ 61, 226, 0, 1290. ]
   - [ 62, 19, 0, 949. ]
   - [ 63, 182, 0, 1499. ]
   - [ 64, 77, 0, 742. ]
   - [ 65, 146, 0, 1079. ]
   - [ 66, 167, 0, 588. ]
   - [ 67, 142, 0, 898. ]
   - [ 68, 246, 0, 1231. ]
   - [ 69, 151, 0, 1190. ]
   - [ 70, 55, 0, 764. ]
   - [ 71, 309, 0, 1391. ]
   - [ 72, 44, 0, 423. ]
   - [ 73, 28, 0, 1118. ]
   - [ 74, 74, 0, 598. ]
   - [ 75, 73, 0, 503. ]
   - [ 76, 177, 0, 736. ]
   - [ 77, 24, 0, 336. ]
   - [ 78, 159, 0, 516. ]
   - [ 79, 100, 0, 1481. ]
   - [ 80, 65, 0, 1192. ]
   - [ 81, 25, 0, 689. ]
   - [ 82, 177, 0, 1703. ]
   - [ 83, 140, 0, 309. ]
   - [ 84, 109, 0, 897. ]
   - [ 85, 145, 0, 299. ]
   - [ 86, 64, 0, 570. ]
   - [ 87, 63, 0, 359. ]
   - [ 88, 66, 0, 1230. ]
   - [ 89, 48, 0, 268. ]
   - [ 90, 34, 0, 567. ]
   - [ 91, 279, 0, 1355. ]
   - [ 92, 59, 0, 587. ]
   - [ 93, 160, 0, 1257. ]
   - [ 94, 67, 0, 397. ]
   - [ 95, 31, 0, 1263. ]
   - [ 96, 274, 0, 1690. ]
   - [ 97, 319, 0, 1636. ]
   - [ 98, 184, 0, 1033. ]
   - [ 99, 90, 0, 1699. ]
   - [ 100, 174, 0, 1138. ]
   - [ 101, 0, 0, 666. ]
   - [ 102, 265, 0, 1494. ]
   - [ 103, 265, 0, 1515. ]
   - [ 104, 107, 0, 1125. ]
   - [ 105, 175, 0, 1257. ]
   - [ 106, 357, 0, 1444. ]
   - [ 107, 154, 0, 1438. ]
   - [ 108, 36, 0, 1593. ]
   - [ 109, 249, 0, 387. ]
   - [ 110, 174, 0, 369. ]
   - [ 111, 135, 0, 220. ]
   - [ 112, 164, 0, 791. ]
   - [ 113, 79, 0, 1274. ]
   - [ 114, 476, 0, 1307. ]
   - [ 115, 437, 0, 1547. ]
   - [ 116, 147, 0, 1028. ]
   - [ 117, 153, 0, 952. ]
   - [ 118, 217, 0, 1474. ]
   - [ 119, 6, 0, 1414. ]
   - [ 120, 233, 0, 820. ]
   - [ 121, 129, 0, 1299. ]
   - [ 122, 191, 0, 1317. ]
   - [ 123, 222, 0, 511. ]
   - [ 124, 151, 0, 260. ]
   - [ 125, 223, 0, 1069. ]
   - [ 126, 312, 0, 1382. ]
   - [ 127, 218, 0, 506. ]
   - [ 128, 116, 0, 515. ]
   - [ 129, 123, 0, 988. ]
   - [ 130, 62, 0, 785. ]
   - [ 131, 170, 0, 1018. ]
   - [ 132, 40, 0, 982. ]
   - [ 133, 337, 0, 1073. ]
   - [ 134, 132, 0, 1222. ]
   - [ 135, 131, 0, 587. ]
   - [ 136, 259, 0, 1205. ]
   - [ 137, 122, 0, 665. ]
   - [ 138, 209, 0, 1252. ]
   - [ 139, 64, 0, 565. ]
   - [ 140, 214, 0, 628. ]
   - [ 141, 110, 0, 208. ]
   - [ 142, 203, 0, 732. ]
   - [ 143, 128, 0, 828. ]
   - [ 144, 113, 0, 631. ]
   - [ 145, 36, 0, 727. ]
   - [ 146, 169, 0, 226. ]
   - [ 147, 146, 0, 1053. ]
   - [ 148, 208, 0, 687. ]
   - [ 149, 137, 0, 114. ]
   - [ 150, 238, 0, 376. ]
   - [ 151, 219, 0, 847. ]
   - [ 152, 279, 0, 1301. ]
   - [ 153, 228, 0, 1747. ]
   - [ 154, 178, 0, 903. ]
   - [ 155, 156, 0, 496. ]
   - [ 156, 400, 0, 1588. ]
   - [ 157, 474, 0, 1432. ]
   - [ 158, 172, 0, 552. ]
   - [ 159, 222, 0, 1627. ]
   - [ 160, 254, 0, 539. ]
   - [ 161, 193, 0, 947. ]
   - [ 162, 278, 0, 1234. ]
   - [ 163, 200, 0, 961. ]
   - [ 164, 173, 0, 908. ]
   - [ 165, 152, 0, 751. ]
   - [ 166, 169, 0, 215. ]
   - [ 167, 281, 0, 1360. ]
   - [ 168, 474, 0, 1703. ]
   - [ 169, 157, 0, 1443. ]
   - [ 170, 177, 0, 443. ]
   - [ 171, 360, 0, 1866. ]
   - [ 172, 459, 0, 1530. ]
   - [ 173, 154, 0, 946. ]
   - [ 174, 341, 0, 1433. ]
   - [ 175, 277, 0, 1459. ]
   - [ 176, 256, 0, 1005. ]
   - [ 177, 112, 0, 1157. ]
   - [ 178, 471, 0, 1279. ]
   - [ 179, 54, 0, 1461. ]
   - [ 180, 260, 0, 1047. ]
   - [ 181, 184, 0, 1383. ]
   - [ 182, 182, 0, 627. ]
   - [ 183, 185, 0, 726. ]
   - [ 184, 97, 0, 837. ]
   - [ 185, 98, 0, 1095. ]
   - [ 186, 180, 0, 185. ]
   - [ 187, 11, 0, 1509. ]
   - [ 188, 100, 0, 1219. ]
   - [ 189, 488, 0, 1324. ]
   - [ 190, 95, 0, 1331. ]
   - [ 191, 184, 0, 721. ]
   - [ 192, 144, 0, 724. ]
   - [ 193, 131, 0, 878. ]
   - [ 194, 462, 0, 1588. ]
   - [ 195, 183, 0, 452. ]
   - [ 196, 166, 0, 306. ]
   - [ 197, 36, 0, 1533. ]
   - [ 198, 132, 0, 1216. ]
   - [ 199, 115, 0, 1087. ]
   - [ 200, 205, 0, 1335. ]
   - [ 201, 124, 0, 1212. ]
   - [ 202, 245, 0, 1069. ]
   - [ 203, 128, 0, 1291. ]
   - [ 204, 240, 0, 710. ]
   - [ 205, 237, 0, 584. ]
   - [ 206, 231, 0, 398. ]
   - [ 207, 297, 0, 999. ]
   - [ 208, 202, 0, 248. ]
   - [ 209, 311, 0, 515. ]
   - [ 210, 220, 0, 590. ]
   - [ 211, 217, 0, 179. ]
   - [ 212, 262, 0, 53. ]
   - [ 213, 206, 0, 967. ]
   - [ 214, 236, 0, 551. ]
   - [ 215, 234, 0, 613. ]
   - [ 216, 372, 0, 1510. ]
   - [ 217, 292, 0, 862. ]
   - [ 218, 224, 0, 984. ]
   - [ 219, 110, 0, 608. ]
   - [ 220, 253, 0, 860. ]
   - [ 221, 26, 0, 1837. ]
   - [ 222, 229, 0, 1456. ]
   - [ 223, 286, 0, 617. ]
   - [ 224, 282, 0, 1351. ]
   - [ 225, 254, 0, 1222. ]
   - [ 226, 278, 0, 745. ]
   - [ 227, 230, 0, 701. ]
   - [ 228, 453, 0, 1327. ]
   - [ 229, 305, 0, 786. ]
   - [ 230, 141, 0, 1565. ]
   - [ 231, 200, 0, 701. ]
   - [ 232, 216, 0, 340. ]
   - [ 233, 227, 0, 80. ]
   - [ 234, 219, 0, 786. ]
   - [ 235, 310, 0, 605. ]
   - [ 236, 238, 0, 1116. ]
   - [ 237, 221, 0, 700. ]
   - [ 238, 303, 0, 603. ]
   - [ 239, 94, 0, 1686. ]
   - [ 240, 364, 0, 1396. ]
   - [ 241, 211, 0, 693. ]
   - [ 242, 281, 0, 1096. ]
   - [ 243, 214, 0, 977. ]
   - [ 244, 222, 0, 987. ]
   - [ 245, 251, 0, 1641. ]
   - [ 246, 482, 0, 1256. ]
   - [ 247, 197, 0, 1258. ]
   - [ 248, 232, 0, 641. ]
   - [ 249, 92, 0, 1401. ]
   - [ 250, 92, 0, 1020. ]
   - [ 251, 328, 0, 1196. ]
   - [ 252, 267, 0, 515. ]
   - [ 253, 492, 0, 1420. ]
   - [ 254, 260, 0, 1172. ]
   - [ 255, 268, 0, 961. ]
   - [ 256, 416, 0, 1187. ]
   - [ 257, 486, 0, 964. ]
   - [ 258, 253, 0, 1173. ]
   - [ 259, 193, 0, 1415. ]
   - [ 260, 263, 0, 1880. ]
   - [ 261, 1, 0, 1164. ]
   - [ 262, 270, 0, 778. ]
   - [ 263, 243, 0, 1185. ]
   - [ 264, 248, 0, 1809. ]
   - [ 265, 164, 0, 1397. ]
   - [ 266, 269, 0, 548. ]
   - [ 267, 262, 0, 952. ]
   - [ 268, 333, 0, 1702. ]
   - [ 269, 486, 0, 1446. ]
   - [ 270, 290, 0, 1210. ]
   - [ 271, 184, 0, 1564. ]
   - [ 272, 121, 0, 1216. ]
   - [ 273, 172, 0, 1253. ]
   - [ 274, 284, 0, 298. ]
   - [ 275, 318, 0, 1216. ]
   - [ 276, 340, 0, 1108. ]
   - [ 277, 300, 0, 374. ]
   - [ 278, 311, 0, 603. ]
   - [ 279, 362, 0, 393. ]
   - [ 280, 360, 0, 1313. ]
   - [ 281, 304, 0, 750. ]
   - [ 282, 338, 0, 643. ]
   - [ 283, 310, 0, 1149. ]
   - [ 284, 137, 0, 1427. ]
   - [ 285, 306, 0, 100. ]
   - [ 286, 280, 0, 1061. ]
   - [ 287, 205, 0, 1298. ]
   - [ 288, 305, 0, 530. ]
   - [ 289, 29, 0, 1441. ]
   - [ 290, 231, 0, 622. ]
   - [ 291, 106, 0, 1190. ]
   - [ 292, 364, 0, 1065. ]
   - [ 293, 397, 0, 1568. ]
   - [ 294, 344, 0, 469. ]
   - [ 295, 362, 0, 1365. ]
