%YAML:1.0
---
Matches:
   - [ 0, 5, 0, 311.23141479492188 ]
   - [ 1, 196, 0, 216.10646057128906 ]
   - [ 2, 127, 0, 366.59649658203125 ]
   - [ 3, 315, 0, 340.13967895507812 ]
   - [ 4, 121, 0, 218.12382507324219 ]
   - [ 5, 36, 0, 166.92514038085938 ]
   - [ 6, 378, 0, 356.68893432617188 ]
   - [ 7, 117, 0, 359.57196044921875 ]
   - [ 8, 36, 0, 313.84548950195312 ]
   - [ 9, 121, 0, 248.76495361328125 ]
   - [ 10, 25, 0, 359.201904296875 ]
   - [ 11, 476, 0, 318.92474365234375 ]
   - [ 12, 102, 0, 133.94775390625 ]
   - [ 13, 437, 0, 351.40289306640625 ]
   - [ 14, 90, 0, 206.81391906738281 ]
   - [ 15, 57, 0, 313.52194213867188 ]
   - [ 16, 85, 0, 276.41998291015625 ]
   - [ 17, 1, 0, 313.9681396484375 ]
   - [ 18, 81, 0, 102.89801025390625 ]
   - [ 19, 62, 0, 329.02584838867188 ]
   - [ 20, 52, 0, 277.33734130859375 ]
   - [ 21, 190, 0, 379.26773071289062 ]
   - [ 22, 169, 0, 184.5074462890625 ]
   - [ 23, 137, 0, 343.31036376953125 ]
   - [ 24, 168, 0, 31.128765106201172 ]
   - [ 25, 86, 0, 240.12080383300781 ]
   - [ 26, 167, 0, 272.64996337890625 ]
   - [ 27, 129, 0, 328.04269409179688 ]
   - [ 28, 53, 0, 279.0609130859375 ]
   - [ 29, 112, 0, 291.04293823242188 ]
   - [ 30, 368, 0, 357.93576049804688 ]
   - [ 31, 21, 0, 298.727294921875 ]
   - [ 32, 21, 0, 158.075927734375 ]
   - [ 33, 53, 0, 216.18280029296875 ]
   - [ 34, 16, 0, 283.93838500976562 ]
   - [ 35, 153, 0, 309.38970947265625 ]
   - [ 36, 383, 0, 341.68405151367188 ]
   - [ 37, 474, 0, 352.5521240234375 ]
   - [ 38, 103, 0, 251.03585815429688 ]
   - [ 39, 82, 0, 322.59725952148438 ]
   - [ 40, 49, 0, 232.56826782226562 ]
   - [ 41, 24, 0, 394.21060180664062 ]
   - [ 42, 4, 0, 401.32156372070312 ]
   - [ 43, 445, 0, 406.50216674804688 ]
   - [ 44, 444, 0, 349.89999389648438 ]
   - [ 45, 27, 0, 196.42555236816406 ]
   - [ 46, 208, 0, 319.69046020507812 ]
   - [ 47, 329, 0, 367.30096435546875 ]
   - [ 48, 120, 0, 191.44711303710938 ]
   - [ 49, 118, 0, 371.80908203125 ]
   - [ 50, 42, 0, 336.80706787109375 ]
   - [ 51, 6, 0, 233.08796691894531 ]
   - [ 52, 127, 0, 248.64231872558594 ]
   - [ 53, 96, 0, 451.86834716796875 ]
   - [ 54, 18, 0, 271.94851684570312 ]
   - [ 55, 130, 0, 274.95819091796875 ]
   - [ 56, 98, 0, 297.10940551757812 ]
   - [ 57, 188, 0, 289.68084716796875 ]
   - [ 58, 295, 0, 386.01165771484375 ]
   - [ 59, 40, 0, 224.327880859375 ]
   - [ 60, 125, 0, 232.30583190917969 ]
   - [ 61, 160, 0, 348.51828002929688 ]
   - [ 62, 19, 0, 306.41311645507812 ]
   - [ 63, 182, 0, 371.0673828125 ]
   - [ 64, 77, 0, 226.4862060546875 ]
   - [ 65, 146, 0, 333.2491455078125 ]
   - [ 66, 167, 0, 219.54043579101562 ]
   - [ 67, 142, 0, 330.5419921875 ]
   - [ 68, 246, 0, 338.03402709960938 ]
   - [ 69, 469, 0, 317.12301635742188 ]
   - [ 70, 55, 0, 267.52197265625 ]
   - [ 71, 309, 0, 320.69454956054688 ]
   - [ 72, 44, 0, 171.7410888671875 ]
   - [ 73, 337, 0, 319.80618286132812 ]
   - [ 74, 74, 0, 208.02883911132812 ]
   - [ 75, 73, 0, 195.34840393066406 ]
   - [ 76, 177, 0, 230.31283569335938 ]
   - [ 77, 24, 0, 185.13778686523438 ]
   - [ 78, 159, 0, 186.41888427734375 ]
   - [ 79, 100, 0, 401.6279296875 ]
   - [ 80, 65, 0, 333.64651489257812 ]
   - [ 81, 25, 0, 269.85736083984375 ]
   - [ 82, 177, 0, 371.6571044921875 ]
   - [ 83, 140, 0, 121.56890869140625 ]
   - [ 84, 109, 0, 291.86813354492188 ]
   - [ 85, 145, 0, 111.87940216064453 ]
   - [ 86, 124, 0, 189.76828002929688 ]
   - [ 87, 63, 0, 168.24684143066406 ]
   - [ 88, 66, 0, 326.31884765625 ]
   - [ 89, 48, 0, 148.07431030273438 ]
   - [ 90, 34, 0, 195.13841247558594 ]
   - [ 91, 151, 0, 362.10079956054688 ]
   - [ 92, 59, 0, 222.48370361328125 ]
   - [ 93, 160, 0, 318.77108764648438 ]
   - [ 94, 67, 0, 177.51901245117188 ]
   - [ 95, 315, 0, 316.67965698242188 ]
   - [ 96, 274, 0, 379.634033203125 ]
   - [ 97, 319, 0, 372.04031372070312 ]
   - [ 98, 184, 0, 320.87847900390625 ]
   - [ 99, 90, 0, 394.90884399414062 ]
   - [ 100, 174, 0, 315.30935668945312 ]
   - [ 101, 0, 0, 206.56233215332031 ]
   - [ 102, 114, 0, 376.10769653320312 ]
   - [ 103, 265, 0, 339.17694091796875 ]
   - [ 104, 107, 0, 305.86761474609375 ]
   - [ 105, 175, 0, 350.33554077148438 ]
   - [ 106, 261, 0, 360.181884765625 ]
   - [ 107, 154, 0, 348.17523193359375 ]
   - [ 108, 36, 0, 363.64956665039062 ]
   - [ 109, 249, 0, 156.04165649414062 ]
   - [ 110, 48, 0, 165.1453857421875 ]
   - [ 111, 135, 0, 149.47909545898438 ]
   - [ 112, 164, 0, 269.6015625 ]
   - [ 113, 79, 0, 356.44635009765625 ]
   - [ 114, 476, 0, 345.52133178710938 ]
   - [ 115, 437, 0, 368.16708374023438 ]
   - [ 116, 147, 0, 337.41073608398438 ]
   - [ 117, 153, 0, 286.7193603515625 ]
   - [ 118, 36, 0, 379.87893676757812 ]
   - [ 119, 6, 0, 353.24212646484375 ]
   - [ 120, 233, 0, 305.78424072265625 ]
   - [ 121, 129, 0, 353.80361938476562 ]
   - [ 122, 191, 0, 313.06390380859375 ]
   - [ 123, 222, 0, 191.20930480957031 ]
   - [ 124, 151, 0, 147.891845703125 ]
   - [ 125, 121, 0, 294.9559326171875 ]
   - [ 126, 312, 0, 319.48394775390625 ]
   - [ 127, 218, 0, 207.87496948242188 ]
   - [ 128, 237, 0, 206.93960571289062 ]
   - [ 129, 123, 0, 321.7452392578125 ]
   - [ 130, 62, 0, 264.12686157226562 ]
   - [ 131, 170, 0, 332.448486328125 ]
   - [ 132, 40, 0, 254.60951232910156 ]
   - [ 133, 337, 0, 302.10098266601562 ]
   - [ 134, 16, 0, 298.703857421875 ]
   - [ 135, 131, 0, 238.36737060546875 ]
   - [ 136, 352, 0, 356.32147216796875 ]
   - [ 137, 122, 0, 236.33662414550781 ]
   - [ 138, 71, 0, 351.36734008789062 ]
   - [ 139, 124, 0, 226.4884033203125 ]
   - [ 140, 214, 0, 230.20860290527344 ]
   - [ 141, 110, 0, 134.03730773925781 ]
   - [ 142, 203, 0, 270.111083984375 ]
   - [ 143, 128, 0, 227.55218505859375 ]
   - [ 144, 113, 0, 256.5599365234375 ]
   - [ 145, 36, 0, 244.43608093261719 ]
   - [ 146, 169, 0, 99.075729370117188 ]
   - [ 147, 146, 0, 300.45797729492188 ]
   - [ 148, 208, 0, 230.90907287597656 ]
   - [ 149, 137, 0, 69.541351318359375 ]
   - [ 150, 238, 0, 129.82295227050781 ]
   - [ 151, 219, 0, 234.99574279785156 ]
   - [ 152, 151, 0, 351.128173828125 ]
   - [ 153, 228, 0, 402.587890625 ]
   - [ 154, 178, 0, 272.02755737304688 ]
   - [ 155, 156, 0, 187.40864562988281 ]
   - [ 156, 438, 0, 365.8592529296875 ]
   - [ 157, 474, 0, 379.11212158203125 ]
   - [ 158, 172, 0, 215.01162719726562 ]
   - [ 159, 70, 0, 386.9754638671875 ]
   - [ 160, 254, 0, 210.72019958496094 ]
   - [ 161, 193, 0, 280.46212768554688 ]
   - [ 162, 159, 0, 318.7349853515625 ]
   - [ 163, 149, 0, 302.72100830078125 ]
   - [ 164, 77, 0, 268.54049682617188 ]
   - [ 165, 152, 0, 270.28317260742188 ]
   - [ 166, 169, 0, 109.75882720947266 ]
   - [ 167, 110, 0, 313.79293823242188 ]
   - [ 168, 347, 0, 434.4525146484375 ]
   - [ 169, 309, 0, 357.98324584960938 ]
   - [ 170, 177, 0, 169.42550659179688 ]
   - [ 171, 257, 0, 439.93408203125 ]
   - [ 172, 253, 0, 330.74310302734375 ]
   - [ 173, 154, 0, 244.65077209472656 ]
   - [ 174, 341, 0, 351.43563842773438 ]
   - [ 175, 277, 0, 323.14547729492188 ]
   - [ 176, 256, 0, 323.47332763671875 ]
   - [ 177, 112, 0, 302.19696044921875 ]
   - [ 178, 491, 0, 338.52474975585938 ]
   - [ 179, 31, 0, 351.89346313476562 ]
   - [ 180, 260, 0, 331.9111328125 ]
   - [ 181, 184, 0, 339.65716552734375 ]
   - [ 182, 182, 0, 215.52958679199219 ]
   - [ 183, 185, 0, 280.55657958984375 ]
   - [ 184, 97, 0, 270.90036010742188 ]
   - [ 185, 98, 0, 312.99679565429688 ]
   - [ 186, 180, 0, 118.75605010986328 ]
   - [ 187, 11, 0, 365.76904296875 ]
   - [ 188, 100, 0, 316.5233154296875 ]
   - [ 189, 410, 0, 342.27911376953125 ]
   - [ 190, 95, 0, 330.404296875 ]
   - [ 191, 184, 0, 272.78012084960938 ]
   - [ 192, 144, 0, 240.85264587402344 ]
   - [ 193, 131, 0, 251.44383239746094 ]
   - [ 194, 462, 0, 359.83050537109375 ]
   - [ 195, 183, 0, 188.99736022949219 ]
   - [ 196, 166, 0, 184.09779357910156 ]
   - [ 197, 36, 0, 416.37844848632812 ]
   - [ 198, 132, 0, 340.39974975585938 ]
   - [ 199, 452, 0, 288.95327758789062 ]
   - [ 200, 184, 0, 363.126708984375 ]
