%YAML:1.0
---
Matches:
   - [ 0, 5, 0, 29. ]
   - [ 1, 196, 0, 19. ]
   - [ 2, 200, 0, 81. ]
   - [ 3, 106, 0, 66. ]
   - [ 4, 121, 0, 28. ]
   - [ 5, 36, 0, 10. ]
   - [ 6, 84, 0, 76. ]
   - [ 7, 488, 0, 74. ]
   - [ 8, 113, 0, 28. ]
   - [ 9, 4, 0, 67. ]
   - [ 10, 25, 0, 66. ]
   - [ 11, 162, 0, 47. ]
   - [ 12, 102, 0, 21. ]
   - [ 13, 13, 0, 84. ]
   - [ 14, 90, 0, 33. ]
   - [ 15, 57, 0, 54. ]
   - [ 16, 85, 0, 14. ]
   - [ 17, 1, 0, 49. ]
   - [ 18, 81, 0, 12. ]
   - [ 19, 62, 0, 38. ]
   - [ 20, 52, 0, 48. ]
   - [ 21, 99, 0, 43. ]
   - [ 22, 63, 0, 31. ]
   - [ 23, 268, 0, 64. ]
   - [ 24, 168, 0, 13. ]
   - [ 25, 86, 0, 27. ]
   - [ 26, 143, 0, 36. ]
   - [ 27, 9, 0, 47. ]
   - [ 28, 20, 0, 35. ]
   - [ 29, 56, 0, 58. ]
   - [ 30, 182, 0, 62. ]
   - [ 31, 105, 0, 34. ]
   - [ 32, 21, 0, 21. ]
   - [ 33, 73, 0, 38. ]
   - [ 34, 16, 0, 37. ]
   - [ 35, 153, 0, 21. ]
   - [ 36, 211, 0, 66. ]
   - [ 37, 133, 0, 81. ]
   - [ 38, 103, 0, 30. ]
   - [ 39, 82, 0, 39. ]
   - [ 40, 49, 0, 15. ]
   - [ 41, 499, 0, 93. ]
   - [ 42, 422, 0, 77. ]
   - [ 43, 150, 0, 55. ]
   - [ 44, 43, 0, 46. ]
   - [ 45, 27, 0, 21. ]
   - [ 46, 208, 0, 63. ]
   - [ 47, 182, 0, 72. ]
   - [ 48, 120, 0, 14. ]
   - [ 49, 10, 0, 67. ]
   - [ 50, 42, 0, 42. ]
   - [ 51, 6, 0, 26. ]
   - [ 52, 127, 0, 39. ]
   - [ 53, 60, 0, 75. ]
   - [ 54, 18, 0, 33. ]
   - [ 55, 130, 0, 22. ]
   - [ 56, 98, 0, 38. ]
   - [ 57, 69, 0, 51. ]
   - [ 58, 73, 0, 78. ]
   - [ 59, 40, 0, 46. ]
   - [ 60, 125, 0, 26. ]
   - [ 61, 257, 0, 63. ]
   - [ 62, 19, 0, 34. ]
   - [ 63, 295, 0, 67. ]
   - [ 64, 77, 0, 37. ]
   - [ 65, 80, 0, 37. ]
   - [ 66, 167, 0, 28. ]
   - [ 67, 142, 0, 20. ]
   - [ 68, 246, 0, 39. ]
   - [ 69, 151, 0, 50. ]
   - [ 70, 185, 0, 26. ]
   - [ 71, 61, 0, 52. ]
   - [ 72, 44, 0, 20. ]
   - [ 73, 28, 0, 34. ]
   - [ 74, 74, 0, 33. ]
   - [ 75, 73, 0, 21. ]
   - [ 76, 11, 0, 26. ]
   - [ 77, 24, 0, 14. ]
   - [ 78, 159, 0, 23. ]
   - [ 79, 474, 0, 49. ]
   - [ 80, 65, 0, 44. ]
   - [ 81, 25, 0, 23. ]
   - [ 82, 60, 0, 73. ]
   - [ 83, 140, 0, 22. ]
   - [ 84, 3, 0, 19. ]
   - [ 85, 145, 0, 16. ]
   - [ 86, 64, 0, 20. ]
   - [ 87, 63, 0, 12. ]
   - [ 88, 66, 0, 49. ]
   - [ 89, 48, 0, 12. ]
   - [ 90, 34, 0, 32. ]
   - [ 91, 224, 0, 60. ]
   - [ 92, 59, 0, 25. ]
   - [ 93, 138, 0, 57. ]
   - [ 94, 67, 0, 17. ]
   - [ 95, 31, 0, 36. ]
   - [ 96, 351, 0, 57. ]
   - [ 97, 191, 0, 79. ]
   - [ 98, 184, 0, 35. ]
   - [ 99, 184, 0, 77. ]
   - [ 100, 174, 0, 51. ]
   - [ 101, 0, 0, 35. ]
   - [ 102, 265, 0, 70. ]
   - [ 103, 109, 0, 77. ]
   - [ 104, 107, 0, 44. ]
   - [ 105, 175, 0, 49. ]
   - [ 106, 31, 0, 56. ]
   - [ 107, 154, 0, 66. ]
   - [ 108, 293, 0, 72. ]
   - [ 109, 249, 0, 21. ]
   - [ 110, 174, 0, 9. ]
   - [ 111, 135, 0, 8. ]
   - [ 112, 164, 0, 24. ]
   - [ 113, 201, 0, 56. ]
   - [ 114, 206, 0, 71. ]
   - [ 115, 184, 0, 55. ]
   - [ 116, 147, 0, 38. ]
   - [ 117, 153, 0, 40. ]
   - [ 118, 323, 0, 79. ]
   - [ 119, 353, 0, 65. ]
   - [ 120, 233, 0, 25. ]
   - [ 121, 129, 0, 47. ]
   - [ 122, 140, 0, 64. ]
   - [ 123, 222, 0, 22. ]
   - [ 124, 151, 0, 8. ]
   - [ 125, 223, 0, 37. ]
   - [ 126, 143, 0, 44. ]
   - [ 127, 218, 0, 19. ]
   - [ 128, 116, 0, 17. ]
   - [ 129, 123, 0, 21. ]
   - [ 130, 62, 0, 35. ]
   - [ 131, 170, 0, 42. ]
   - [ 132, 40, 0, 59. ]
   - [ 133, 132, 0, 38. ]
   - [ 134, 132, 0, 43. ]
   - [ 135, 131, 0, 23. ]
   - [ 136, 259, 0, 35. ]
   - [ 137, 122, 0, 26. ]
   - [ 138, 209, 0, 33. ]
   - [ 139, 124, 0, 24. ]
   - [ 140, 214, 0, 30. ]
   - [ 141, 110, 0, 12. ]
   - [ 142, 203, 0, 25. ]
   - [ 143, 19, 0, 39. ]
   - [ 144, 113, 0, 23. ]
   - [ 145, 113, 0, 30. ]
   - [ 146, 169, 0, 21. ]
   - [ 147, 146, 0, 47. ]
   - [ 148, 208, 0, 31. ]
   - [ 149, 137, 0, 8. ]
   - [ 150, 238, 0, 22. ]
   - [ 151, 219, 0, 31. ]
   - [ 152, 279, 0, 53. ]
   - [ 153, 275, 0, 90. ]
   - [ 154, 178, 0, 42. ]
   - [ 155, 156, 0, 22. ]
   - [ 156, 231, 0, 64. ]
   - [ 157, 227, 0, 56. ]
   - [ 158, 172, 0, 22. ]
   - [ 159, 473, 0, 76. ]
   - [ 160, 254, 0, 19. ]
   - [ 161, 193, 0, 31. ]
   - [ 162, 246, 0, 39. ]
   - [ 163, 200, 0, 33. ]
   - [ 164, 173, 0, 34. ]
   - [ 165, 152, 0, 23. ]
   - [ 166, 169, 0, 13. ]
   - [ 167, 257, 0, 59. ]
   - [ 168, 117, 0, 72. ]
   - [ 169, 157, 0, 63. ]
   - [ 170, 177, 0, 17. ]
   - [ 171, 431, 0, 67. ]
   - [ 172, 167, 0, 54. ]
   - [ 173, 154, 0, 51. ]
   - [ 174, 114, 0, 74. ]
   - [ 175, 407, 0, 72. ]
   - [ 176, 256, 0, 26. ]
   - [ 177, 112, 0, 54. ]
   - [ 178, 471, 0, 66. ]
   - [ 179, 406, 0, 74. ]
   - [ 180, 260, 0, 26. ]
   - [ 181, 184, 0, 72. ]
   - [ 182, 268, 0, 28. ]
   - [ 183, 185, 0, 25. ]
   - [ 184, 97, 0, 50. ]
   - [ 185, 98, 0, 58. ]
   - [ 186, 180, 0, 14. ]
   - [ 187, 185, 0, 60. ]
   - [ 188, 474, 0, 49. ]
   - [ 189, 492, 0, 51. ]
   - [ 190, 95, 0, 76. ]
   - [ 191, 184, 0, 26. ]
   - [ 192, 144, 0, 26. ]
   - [ 193, 287, 0, 56. ]
   - [ 194, 117, 0, 72. ]
   - [ 195, 183, 0, 14. ]
   - [ 196, 166, 0, 7. ]
   - [ 197, 326, 0, 63. ]
   - [ 198, 31, 0, 58. ]
   - [ 199, 115, 0, 53. ]
   - [ 200, 205, 0, 53. ]
   - [ 201, 64, 0, 62. ]
   - [ 202, 240, 0, 44. ]
   - [ 203, 128, 0, 53. ]
   - [ 204, 240, 0, 41. ]
   - [ 205, 237, 0, 19. ]
   - [ 206, 231, 0, 14. ]
   - [ 207, 297, 0, 39. ]
   - [ 208, 202, 0, 10. ]
   - [ 209, 311, 0, 24. ]
   - [ 210, 220, 0, 19. ]
   - [ 211, 217, 0, 7. ]
   - [ 212, 262, 0, 8. ]
   - [ 213, 206, 0, 45. ]
   - [ 214, 236, 0, 27. ]
   - [ 215, 234, 0, 29. ]
   - [ 216, 67, 0, 68. ]
   - [ 217, 292, 0, 38. ]
   - [ 218, 224, 0, 18. ]
   - [ 219, 210, 0, 22. ]
   - [ 220, 253, 0, 22. ]
   - [ 221, 39, 0, 73. ]
   - [ 222, 229, 0, 49. ]
   - [ 223, 286, 0, 45. ]
   - [ 224, 282, 0, 49. ]
   - [ 225, 254, 0, 46. ]
   - [ 226, 213, 0, 26. ]
   - [ 227, 230, 0, 22. ]
   - [ 228, 453, 0, 70. ]
   - [ 229, 305, 0, 29. ]
   - [ 230, 217, 0, 77. ]
   - [ 231, 200, 0, 22. ]
   - [ 232, 216, 0, 7. ]
   - [ 233, 227, 0, 7. ]
   - [ 234, 219, 0, 34. ]
   - [ 235, 310, 0, 34. ]
   - [ 236, 238, 0, 43. ]
   - [ 237, 221, 0, 45. ]
   - [ 238, 303, 0, 17. ]
   - [ 239, 386, 0, 76. ]
   - [ 240, 339, 0, 65. ]
   - [ 241, 211, 0, 18. ]
   - [ 242, 281, 0, 45. ]
   - [ 243, 197, 0, 60. ]
   - [ 244, 334, 0, 35. ]
   - [ 245, 251, 0, 62. ]
   - [ 246, 482, 0, 67. ]
   - [ 247, 197, 0, 76. ]
   - [ 248, 232, 0, 30. ]
   - [ 249, 164, 0, 62. ]
   - [ 250, 92, 0, 64. ]
   - [ 251, 256, 0, 40. ]
   - [ 252, 267, 0, 18. ]
   - [ 253, 492, 0, 61. ]
   - [ 254, 260, 0, 56. ]
   - [ 255, 313, 0, 33. ]
   - [ 256, 416, 0, 68. ]
   - [ 257, 290, 0, 60. ]
   - [ 258, 384, 0, 58. ]
   - [ 259, 193, 0, 40. ]
   - [ 260, 264, 0, 78. ]
   - [ 261, 286, 0, 59. ]
   - [ 262, 330, 0, 36. ]
   - [ 263, 88, 0, 60. ]
   - [ 264, 248, 0, 49. ]
   - [ 265, 164, 0, 57. ]
   - [ 266, 269, 0, 23. ]
   - [ 267, 267, 0, 55. ]
   - [ 268, 245, 0, 59. ]
   - [ 269, 90, 0, 81. ]
   - [ 270, 35, 0, 62. ]
   - [ 271, 184, 0, 63. ]
   - [ 272, 371, 0, 52. ]
   - [ 273, 172, 0, 42. ]
   - [ 274, 284, 0, 18. ]
   - [ 275, 318, 0, 45. ]
   - [ 276, 340, 0, 36. ]
   - [ 277, 300, 0, 8. ]
   - [ 278, 311, 0, 23. ]
   - [ 279, 362, 0, 19. ]
   - [ 280, 360, 0, 42. ]
   - [ 281, 304, 0, 22. ]
   - [ 282, 338, 0, 24. ]
   - [ 283, 310, 0, 60. ]
   - [ 284, 137, 0, 71. ]
   - [ 285, 306, 0, 9. ]
   - [ 286, 280, 0, 49. ]
   - [ 287, 205, 0, 58. ]
   - [ 288, 305, 0, 26. ]
   - [ 289, 398, 0, 72. ]
   - [ 290, 349, 0, 28. ]
   - [ 291, 253, 0, 46. ]
   - [ 292, 297, 0, 37. ]
   - [ 293, 275, 0, 79. ]
   - [ 294, 344, 0, 25. ]
   - [ 295, 362, 0, 66. ]
   - [ 296, 354, 0, 43. ]
   - [ 297, 426, 0, 75. ]
   - [ 298, 295, 0, 24. ]
   - [ 299, 308, 0, 54. ]
   - [ 300, 293, 0, 22. ]
   - [ 301, 360, 0, 50. ]
   - [ 302, 335, 0, 8. ]
   - [ 303, 372, 0, 37. ]
   - [ 304, 279, 0, 22. ]
   - [ 305, 299, 0, 51. ]
   - [ 306, 330, 0, 38. ]
   - [ 307, 296, 0, 80. ]
   - [ 308, 386, 0, 60. ]
   - [ 309, 368, 0, 53. ]
   - [ 310, 132, 0, 67. ]
   - [ 311, 313, 0, 58. ]
   - [ 312, 319, 0, 25. ]
   - [ 313, 323, 0, 53. ]
